1.0
1.0
1.0
1.0
1.0
0.981575034981
0.0013671875
0.0013132579291
0.000953241604478
0.000730235541045
0.518150944496
0.188182136194
0.0849259561567
0.0437791511194
0.00686654617537
0.0126107742537
0.0111896571828
0.0110584771455
0.00858208955224
0.00843050373134
0.017674323694
0.0168099930037
0.0146557252799
0.0116006879664
0.00775128264925
0.0126034864739
0.011182369403
0.00928754664179
0.00865350979478
0.00753264925373
0.61369373834
0.00392957089552
0.00325472248134
0.00310313666045
0.00306378264925
0.0798959305037
0.0567688899254
0.0520595265858
0.051609141791
0.047020755597
0.0733500466418
0.0338940065299
0.0189292793843
0.0146324043843
0.014402110541
0.0324641441231
0.0307792094216
0.0257535564366
0.0249752215485
0.0151148554104
0.0099172108209
0.00807486007463
0.0049950443097
0.00341796875
0.00329699160448
0.0286234841418
0.0185357392724
0.0183739505597
0.015769298041
0.0154180270522
0.0241356693097
0.022412838153
0.0132914528918
0.0112829407649
0.0104754547575
0.011280025653
0.00644822761194
0.00434205923507
0.00374883395522
0.00352145522388
0.00814190764925
0.00796991604478
0.00632579291045
0.00549498600746
0.00404909048507
0.00780958488806
0.0074656016791
0.00695691464552
0.00641907649254
0.00632287779851
0.053464610541
0.0411759561567
0.0292662663246
0.0195516557836
0.01923828125
0.00472831156716
0.00452571128731
0.00432456856343
0.00429104477612
0.00395726445896
0.00827891791045
0.00774690998134
0.00629809934701
0.00595994636194
0.0051218516791
0.00476766557836
0.0045752681903
0.00428958722015
0.00425606343284
0.00394123134328
0.0157007929104
0.0156818446828
0.0152037663246
0.0151935634328
0.0115234375
0.0620190065299
0.0483048624067
0.0266907649254
0.0229448460821
0.0185415694963
0.00580981809701
0.00537692397388
0.00464960354478
0.00433331389925
0.00417298274254
0.000865788246269
0.00078416511194
0.000705457089552
0.000701084421642
0.000673390858209
0.0152183418843
0.0148641557836
0.0126559584888
0.0126166044776
0.0120743936567
0.0274982509328
0.0225644239739
0.0190269356343
0.0174760960821
0.016310051306
0.00196187033582
0.00170534048507
0.00119373833955
0.001171875
0.00115875699627
0.0567747201493
0.0267140858209
0.0176407999067
0.0162750699627
0.010154792444
0.00770609841418
0.00538129664179
0.0029981926306
0.00263963386194
0.0023583255597
0.0148145988806
0.0131573577425
0.0113470732276
0.010838386194
0.0101300139925
0.0478165811567
0.0420111357276
0.0131223763993
0.012451900653
0.0111401002799
0.00284369169776
0.00266149720149
0.00237144356343
0.00231168376866
0.00198373367537
0.00380276352612
0.00309001865672
0.0030812733209
0.00305066464552
0.00267753031716
0.0230352145522
0.0201055270522
0.0142126282649
0.0126238922575
0.0122012010261
0.00432019589552
0.00398204291045
0.00367741371269
0.00360307835821
0.00336112406716
0.0326390508396
0.0291584071828
0.0246370685634
0.019384036847
0.0187456273321
0.0983034048507
0.058497551306
0.0501807369403
0.0441071012127
0.0279923624067
0.171366312966
0.128578299907
0.108063199627
0.040477786847
0.0373119752799
0.0359739388993
0.0226387593284
0.0219988922575
0.0153116254664
0.00700501399254
0.0707774603545
0.0672734958022
0.0647344333022
0.0563170475746
0.0478136660448
0.023143073694
0.0223807719216
0.0221140391791
0.0197527985075
0.0194365088619
0.0209640275187
0.0177122201493
0.0159981343284
0.014794193097
0.00880801072761
0.0527066814366
0.0435867537313
0.0303361124067
0.0210733442164
0.0182398554104
0.0405346315299
0.0390041977612
0.0228428171642
0.0220528218284
0.0208911497201
0.0839523087687
0.0684439132463
0.0205952658582
0.016847889459
0.0143146571828
0.0850877448694
0.0550620918843
0.0421977028918
0.0406876749067
0.0397606693097
0.32459479944
0.195501982276
0.158583547108
0.119130422108
0.0213969216418
0.109003323228
0.052294193097
0.0447892374067
0.0339012943097
0.0196595149254
0.101046525187
0.0822979827425
0.0373819379664
0.026072761194
0.0210106693097
0.0767782182836
0.0545665228545
0.0360074626866
0.0317703474813
0.029493645056
0.304414937034
0.167009678172
0.0918362290112
0.0491837686567
0.0480556203358
0.0150652985075
0.0116808535448
0.0112479594216
0.0103836287313
0.00996822527985
0.0210048390858
0.0196872084888
0.0169222248134
0.016161380597
0.0126151469216
0.0121035447761
0.0114214085821
0.0109316697761
0.0104827425373
0.00954699160448
0.0244883978545
0.023288829291
0.0190313083022
0.0183724930037
0.0158334305037
0.00561450559701
0.00537109375
0.00512330923507
0.00506937966418
0.00505626166045
0.0177792677239
0.0147023670709
0.0136310634328
0.0134095149254
0.0104623367537
0.00755888526119
0.00647737873134
0.0052049323694
0.00499795942164
0.0048682369403
0.00997114039179
0.00826725746269
0.00768860774254
0.00731547341418
0.00672516324627
0.00961112406716
0.00906162546642
0.00788246268657
0.00729215251866
0.00538712686567
0.0137476679104
0.0114957439366
0.00768131996269
0.00647883628731
0.00639721315299
0.0348909748134
0.0189365671642
0.00790578358209
0.00698315065299
0.00655462919776
0.0117333255597
0.0107334421642
0.00777168843284
0.00748746501866
0.00656920475746
0.00973938899254
0.00946391091418
0.00570924673507
0.00563345382463
0.00474434468284
0.00485511893657
0.00432019589552
0.00420796408582
0.00416132229478
0.00353165811567
0.01923828125
0.019091068097
0.0167808418843
0.0133832789179
0.0101751982276
0.0210369053172
0.0189569729478
0.0114972014925
0.0113805970149
0.0111444729478
0.00296321128731
0.00251865671642
0.00247638759328
0.0021047108209
0.0019385494403
0.010887943097
0.00888963386194
0.00718429337687
0.00679512593284
0.00578358208955
0.0350440181903
0.0251559584888
0.0231212103545
0.0113733092351
0.0109622784515
0.185013409515
0.142710762593
0.0331958372201
0.0173376282649
0.0123236357276
0.0128075443097
0.0121239505597
0.0107392723881
0.0102451609142
0.00908494636194
0.0335310750933
0.0297560051306
0.0154180270522
0.0135858791978
0.0121050023321
0.00831244169776
0.00812150186567
0.0068067863806
0.00677034748134
0.00633599580224
0.0109375
0.00957905783582
0.00936916977612
0.00689423973881
0.0066945545709
0.00778043376866
0.00526177705224
0.00497463852612
0.00287138526119
0.00283640391791
0.0185284514925
0.0148568680037
0.0135960820896
0.0115146921642
0.00990117770522
0.00565677472015
0.00410447761194
0.0041015625
0.00397038246269
0.00356372434701
0.031101329291
0.0253993703358
0.0250276935634
0.0221519356343
0.0210281599813
0.0897839902052
0.0887097714552
0.058104011194
0.0545169659515
0.044725104944
0.013478020056
0.0120437849813
0.010841301306
0.0088721431903
0.0088327891791
0.0348341301306
0.0248221781716
0.0246924556903
0.0222510494403
0.0208692863806
0.0388307486007
0.0348559934701
0.0297603777985
0.0287750699627
0.0260217467351
0.0606124650187
0.0564176189366
0.0409762709888
0.038817630597
0.0352888875933
0.0293085354478
0.0286715834888
0.0267811333955
0.0262855643657
0.0248775652985
0.056787838153
0.0468545942164
0.0458853194963
0.0290388875933
0.0179541744403
0.0179833255597
0.0166190531716
0.0156104244403
0.0149720149254
0.0140872784515
0.0661424323694
0.0605512476679
0.053270755597
0.0418391441231
0.027097423041
0.0958809468284
0.0740759095149
0.0221854594216
0.020509270056
0.0184409981343
0.0213765158582
0.0184774370336
0.0160753847948
0.0147402635261
0.0146761310634
0.0616138059701
0.0587613689366
0.0389094566231
0.0355308418843
0.030223880597
0.028759036847
0.0277387476679
0.0240773670709
0.0240161497201
0.0197105293843
0.0313753498134
0.0303506879664
0.0271105410448
0.0230439598881
0.0217875466418
0.0361022038246
0.032958255597
0.0245904267724
0.022068854944
0.0207832905784
0.0377142607276
0.036667735541
0.0253498134328
0.0237843983209
0.0196259911381
0.0336010377799
0.028614738806
0.0245787663246
0.0230206389925
0.0164674673507
0.0261048274254
0.0173551189366
0.0167414878731
0.0156658115672
0.0147373484142
0.0266528684701
0.0164645522388
0.015576900653
0.0152999650187
0.0139896222015
0.0722627098881
0.0413945895522
0.0358004897388
0.0321595149254
0.03193359375
0.0460806319963
0.0448023554104
0.0420650652985
0.0376792793843
0.0363412430037
0.0334552821828
0.0311902402052
0.023778568097
0.0185809235075
0.0180008162313
0.0625218633396
0.0301976445896
0.0285739272388
0.0192339085821
0.01337890625
0.0369344682836
0.0363135494403
0.0335864622201
0.0294018190299
0.0269472947761
0.0535199976679
0.0432383978545
0.0344478777985
0.0332643423507
0.0249664762127
0.0468808302239
0.0385581856343
0.0301801539179
0.0299717234142
0.0294761543843
0.0394749883396
0.0353675956157
0.0339042094216
0.0334567397388
0.0288902168843
0.0309220499067
0.029932369403
0.0244067747201
0.0195851795709
0.0186421408582
0.0237056902985
0.0221067513993
0.0183506296642
0.0155987639925
0.014747551306
0.0204159864739
0.017091301306
0.0111473880597
0.00726591651119
0.00686654617537
0.0135523554104
0.0105060634328
0.0101985191231
0.0100921175373
0.00967671408582
0.00450384794776
0.0040330573694
0.00346315298507
0.00311188199627
0.00256675606343
0.034621326959
0.0196085004664
0.0143773320896
0.01416015625
0.0122012010261
0.0509488689366
0.0386121152052
0.0329393073694
0.0174411147388
0.0168406016791
0.0831623134328
0.0488689365672
0.0247420125933
0.0244986007463
0.0151469216418
0.00607363572761
0.00503731343284
0.00358850279851
0.00247347248134
0.00245889692164
0.0162153101679
0.00728194962687
0.0068359375
0.00659252565299
0.00593954057836
0.0973691114739
0.0493717933769
0.0304570895522
0.0302705223881
0.0281002215485
0.000733150652985
0.000703999533582
0.00068067863806
0.000657357742537
0.000638409514925
0.000889109141791
0.000868703358209
0.000865788246269
0.000801655783582
0.000741895988806
0.00147067397388
0.00142986240672
0.00140216884328
0.00140071128731
0.00123454990672
0.00591913479478
0.00565240205224
0.00548478311567
0.00445429104478
0.00401993936567
0.00223880597015
0.0020945079291
0.00204057835821
0.00200559701493
0.00197644589552
0.0828810051306
0.0356707672575
0.0343677122201
0.0308885261194
0.0250772504664
0.0108733675373
0.00974376166045
0.00925402285448
0.00863164645522
0.00790141091418
0.0234287546642
0.0209800606343
0.0144006529851
0.0103850862873
0.00974813432836
0.0040869869403
0.00331739738806
0.00286409748134
0.00284077658582
0.0027635261194
0.0177413712687
0.0065283931903
0.00451113572761
0.00446595149254
0.00430707789179
0.0155666977612
0.0141995102612
0.0136602145522
0.0120146338619
0.0107232392724
0.00712307602612
0.00689423973881
0.00523554104478
0.0039601795709
0.00381733908582
0.0122711637127
0.0108515041978
0.0104127798507
0.00945516557836
0.00937354244403
0.0956637709888
0.0543974463619
0.053078358209
0.0526483791978
0.045850338153
0.00618003731343
0.00605322994403
0.00595120102612
0.00592933768657
0.00520347481343
0.0103092933769
0.00906308302239
0.00824976679104
0.00774982509328
0.00663187966418
0.0520653568097
0.0258993120336
0.023780025653
0.0228107509328
0.0206360774254
0.0323985541045
0.0241560750933
0.0218021222015
0.0214217000933
0.0172035331157
0.0220469916045
0.0216432486007
0.0214056669776
0.0171772971082
0.0160987056903
0.0904121968284
0.0235788829291
0.0195545708955
0.0165170242537
0.0127332089552
0.0357509328358
0.0342540228545
0.0221300722948
0.0127623600746
0.0120437849813
0.00533173973881
0.00529384328358
0.00507229477612
0.00399224580224
0.00378090018657
0.00356518190299
0.00277518656716
0.00274457789179
0.00271834188433
0.00253468983209
0.0167575209888
0.0152620685634
0.0129299790112
0.00808069029851
0.00693505130597
0.00232042910448
0.00192980410448
0.00184672341418
0.00173449160448
0.00159310867537
0.0392490671642
0.0174192513993
0.0169717817164
0.0143758745336
0.0115278101679
0.056885494403
0.041600104944
0.020752681903
0.00858063199627
0.00783436333955
0.0363980876866
0.0279107392724
0.0176437150187
0.0164937033582
0.0162765275187
0.0227918027052
0.0188753498134
0.0113222947761
0.00961841184701
0.00960237873134
0.0268306902985
0.0239155783582
0.0210835471082
0.0142126282649
0.0129037430037
0.00276644123134
0.00213094682836
0.00204786613806
0.00201871501866
0.00199393656716
0.0139692164179
0.010597889459
0.0101416744403
0.00886194029851
0.00865496735075
0.0143117420709
0.00918114505597
0.00846111240672
0.00830952658582
0.00790286847015
0.0130174323694
0.0114170359142
0.0103821711754
0.00860395289179
0.00847714552239
0.0157372318097
0.0107042910448
0.00989097481343
0.00951929804104
0.00744228078358
0.0101125233209
0.00691318796642
0.00663625233209
0.00642490671642
0.00636660447761
0.00436683768657
0.00418172807836
0.00360745102612
0.00356080923507
0.0035302005597
0.0107640508396
0.00996822527985
0.00956156716418
0.00805882695896
0.00805591184701
0.0888292910448
0.0717496501866
0.0493513875933
0.0455748600746
0.0262403801306
0.063526119403
0.0457818330224
0.0324320778918
0.0207118703358
0.0189890391791
0.0200574277052
0.0181290811567
0.0176393423507
0.0157809584888
0.0145930503731
0.00876865671642
0.00827891791045
0.00787954757463
0.00785768423507
0.00773524953358
0.0252477845149
0.0240686217351
0.0200530550373
0.0121880830224
0.0116764808769
0.0637462103545
0.0472816581157
0.0209100979478
0.0175431436567
0.0144720732276
0.185250991138
0.153657007929
0.0470863456157
0.0339872901119
0.0116619053172
0.0333124416978
0.0316960121269
0.029493645056
0.0271557252799
0.0216461637127
0.00600950326493
0.00509415811567
0.00419921875
0.00327075559701
0.00320516557836
0.00792764692164
0.0071143306903
0.00369781949627
0.00369490438433
0.00361328125
0.00201725746269
0.00191668610075
0.00190211054104
0.00189045009328
0.00185401119403
0.000733150652985
0.000670475746269
0.000661730410448
0.000641324626866
0.00059031016791
0.00606634794776
0.00548041044776
0.00514225746269
0.00509853078358
0.0028611823694
0.0150959071828
0.0148175139925
0.0128512709888
0.0128294076493
0.0127506996269
0.0816275069963
0.0476635377799
0.0221606809701
0.0185940415112
0.0130582439366
0.0382579291045
0.032520988806
0.0277300023321
0.0259503264925
0.0247784514925
0.0284587803172
0.0227364155784
0.0193548857276
0.00828037546642
0.00660418610075
0.0517461520522
0.0458634561567
0.0391907649254
0.0372012010261
0.0260698460821
0.0114549323694
0.0113558185634
0.0109025186567
0.0106343283582
0.00842175839552
0.00715951492537
0.0069773204291
0.00656920475746
0.00651527518657
0.00619898554104
0.00914324860075
0.00807048740672
0.00729215251866
0.0072411380597
0.00672079057836
0.00928317397388
0.00684759794776
0.00564511427239
0.00542793843284
0.00529967350746
0.0392432369403
0.0354200676306
0.0352728544776
0.022361823694
0.0140187733209
0.0056203358209
0.00472685401119
0.00470790578358
0.00442222481343
0.00414820429104
0.052294193097
0.0412736124067
0.026609141791
0.0201375932836
0.0138963386194
0.0245802238806
0.0191668610075
0.0153728428172
0.0149851329291
0.0133876515858
0.0258570429104
0.0245248367537
0.0178914995336
0.0127404967351
0.0115759095149
0.0354929454291
0.0346082089552
0.0178929570896
0.0173988456157
0.0172822411381
0.110918551772
0.0543799556903
0.0519851912313
0.0400929920709
0.0126530433769
0.00486386427239
0.00429979011194
0.00394706156716
0.00360453591418
0.00339902052239
0.018653801306
0.0133847364739
0.0120364972015
0.0113062616604
0.0104390158582
0.0338313316231
0.022169426306
0.018114505597
0.0163916744403
0.0137578708022
0.067917735541
0.0444073577425
0.0279938199627
0.0167706389925
0.0166059351679
0.00719012360075
0.00689715485075
0.00687237639925
0.00668289412313
0.00657357742537
0.0608515041978
0.0309978428172
0.0264969099813
0.0230322994403
0.0204874067164
0.0319962686567
0.0293916161381
0.0219624533582
0.0185124183769
0.0181043027052
0.034229244403
0.0217000932836
0.0198489972015
0.0197309351679
0.0156133395522
0.104757462687
0.0409252565299
0.0351926888993
0.0295213386194
0.0260217467351
0.0513905083955
0.0431217933769
0.0393423507463
0.0333707439366
0.0306451142724
0.00906162546642
0.00836491371269
0.00671204524254
0.00651236007463
0.00638846781716
0.00829203591418
0.00559993003731
0.00469916044776
0.00462774020522
0.00446595149254
0.0644837336754
0.056005130597
0.0371152052239
0.0350935750933
0.024753673041
0.0306786380597
0.0243207789179
0.0219507929104
0.0109593633396
0.00978311567164
0.0451273903918
0.0432588036381
0.0408305153918
0.0380436683769
0.0350833722015
0.0755932252799
0.0639356926306
0.0415709538246
0.0284952192164
0.0281964202425
0.131707672575
0.0450545125933
0.0308447994403
0.0232334421642
0.0219187266791
0.0260027985075
0.0122624183769
0.0114214085821
0.0109768540112
0.00948285914179
0.0188097597948
0.0148772737873
0.0142242887127
0.0119738222948
0.0118965718284
0.025246326959
0.0240030317164
0.00779063666045
0.00770609841418
0.00712161847015
0.0406964202425
0.0389327775187
0.0198300489739
0.0116167210821
0.0105075209888
0.00682281949627
0.00680824393657
0.00678346548507
0.00634619869403
0.00612173507463
0.0719347597948
0.0708197294776
0.0306188782649
0.0185969566231
0.0125437266791
0.0634007695896
0.0242828824627
0.0218341884328
0.0146178288246
0.0138132579291
0.0867974580224
0.0449364505597
0.041505363806
0.036622551306
0.0320720615672
0.0793231110075
0.0536307719216
0.0463255013993
0.0131559001866
0.01220703125
0.0142723880597
0.0137141441231
0.0116240088619
0.0114126632463
0.011183826959
0.0162109375
0.0102466184701
0.0101897737873
0.00748892257463
0.00532445195896
0.00487698227612
0.00427938432836
0.00421233675373
0.00413945895522
0.00403888759328
0.00448052705224
0.00435954990672
0.00414383162313
0.00407678404851
0.00401410914179
0.0372157765858
0.0213940065299
0.0166758978545
0.0151323460821
0.0126224347015
0.00278393190299
0.00237873134328
0.00213094682836
0.00208138992537
0.00189482276119
0.144582264459
0.0489403568097
0.0486284398321
0.0185007579291
0.0104929454291
0.0045606926306
0.00398350046642
0.00281162546642
0.00269502098881
0.00246909981343
0.00418172807836
0.00353894589552
0.00353165811567
0.00342671408582
0.00322557136194
0.00694671175373
0.0062645755597
0.00613922574627
0.00517286613806
0.00428521455224
0.00642927938433
0.00597743703358
0.00459130130597
0.00393248600746
0.0036963619403
0.0232174090485
0.0147358908582
0.00967379897388
0.00892753031716
0.00839260727612
0.0174965018657
0.0159733558769
0.0159587803172
0.0133031133396
0.0125306086754
0.0898816464552
0.0644939365672
0.0315648320896
0.0252740205224
0.0143875349813
0.0363543610075
0.018894298041
0.0181378264925
0.0162706972948
0.0147694146455
0.00472102378731
0.00447906949627
0.00389604710821
0.00366429570896
0.0031395755597
0.0341767723881
0.0327848064366
0.0321507695896
0.0254256063433
0.0225454757463
0.00587103544776
0.00563053871269
0.00539587220149
0.00476183535448
0.00470353311567
0.00802676072761
0.00710121268657
0.00698460820896
0.00685780083955
0.0063913829291
0.00281599813433
0.0027489505597
0.00271542677239
0.00254489272388
0.00205369636194
0.00107859141791
0.00101591651119
0.00100279850746
0.000929920708955
0.000857042910448
0.00885319496269
0.00757200326493
0.00749766791045
0.00719595382463
0.00608092350746
0.993792269123
0.000927005597015
0.000652985074627
0.000374591884328
0.000205515391791
0.90555183069
0.0152562383396
0.0103705107276
0.00632870802239
0.00349230410448
0.848198460821
0.0244898554104
0.0172268540112
0.0107246968284
0.00592350746269
0.878992245802
0.0210135844216
0.0136325209888
0.00836054104478
0.00449510261194
0.881388467817
0.0194059001866
0.0136325209888
0.00819729477612
0.00453445662313
0.879210879198
0.0206010960821
0.0135465251866
0.00835325326493
0.00440327658582
0.867632054571
0.022071770056
0.0146542677239
0.00895085121269
0.00489593050373
0.883157940765
0.0203547691231
0.0130203474813
0.00778043376866
0.00422253964552
0.914225746269
0.0150390625
0.00926568330224
0.0053565181903
0.00287430037313
0.864846665112
0.0221490205224
0.0149457789179
0.00947702891791
0.00522679570896
0.73358646222
0.0392548973881
0.0286409748134
0.0184730643657
0.0106314132463
0.880025652985
0.0192032999067
0.0129445545709
0.0080515391791
0.00451550839552
0.882977203825
0.019875233209
0.0129984841418
0.00776002798507
0.00424731809701
0.871995977146
0.0220149253731
0.0148233442164
0.00938083022388
0.00498046875
0.998345673974
0.000421233675373
0.000278393190299
0.000278393190299
0.000269647854478
