(0, 0, 0)
(1, 1, 1)
(0, 0, 0)
(1, 1, 1)
(2, 2, 2)
(3, 3, 3)
(4, 4, 4)
(0, 0, 0)
(1, 1, 1)
(2, 2, 2)
(3, 3, 3)
(4, 4, 4)
(0, 0, 0)
(1, 1, 1)
(2, 2, 2)
(3, 3, 3)
(4, 4, 4)
(0, 0, 0)
(1, 1, 1)
(0, 0, 0)
(1, 1, 1)
(2, 2, 2)
(3, 3, 3)
(4, 4, 4)
(0, 0, 0)
(1, 1, 1)
(2, 2, 2)
(3, 3, 3)
(4, 4, 4)
(187, 189, 28)
(188, 190, 29)
(186, 188, 27)
(187, 189, 26)
(188, 190, 27)
(119, 124, 127)
(120, 125, 128)
(118, 123, 126)
(121, 125, 128)
(125, 129, 132)
(145, 156, 150)
(146, 157, 151)
(144, 155, 149)
(143, 154, 148)
(138, 149, 143)
(18, 29, 23)
(17, 28, 22)
(19, 30, 24)
(16, 27, 21)
(24, 35, 29)
(157, 182, 204)
(158, 183, 205)
(158, 182, 206)
(163, 183, 207)
(161, 183, 206)
(161, 185, 209)
(162, 186, 210)
(159, 187, 209)
(164, 188, 212)
(45, 54, 61)
(3, 3, 3)
(4, 4, 4)
(5, 5, 5)
(5, 3, 4)
(2, 2, 2)
(4, 5, 0)
(5, 6, 1)
(1, 3, 0)
(3, 4, 0)
(6, 5, 3)
(14, 8, 8)
(13, 7, 7)
(15, 9, 9)
(9, 8, 6)
(63, 56, 48)
(9, 9, 11)
(8, 8, 10)
(6, 6, 8)
(5, 5, 7)
(10, 10, 12)
(11, 9, 10)
(12, 10, 11)
(10, 8, 9)
(21, 15, 15)
(22, 16, 16)
(116, 131, 154)
(117, 132, 155)
(122, 136, 162)
(138, 153, 186)
(137, 152, 185)
(174, 190, 205)
(182, 198, 213)
(190, 204, 215)
(191, 205, 216)
(187, 203, 218)
(9, 10, 5)
(3, 5, 2)
(8, 9, 4)
(10, 11, 6)
(2, 4, 1)
(187, 194, 210)
(48, 77, 49)
(43, 71, 46)
(47, 76, 48)
(188, 193, 212)
(20, 15, 12)
(21, 16, 13)
(19, 14, 11)
(22, 17, 14)
(23, 18, 15)
(60, 74, 49)
(59, 73, 48)
(61, 75, 50)
(59, 74, 51)
(58, 72, 47)
(0, 0, 2)
(0, 1, 5)
(1, 1, 3)
(1, 2, 6)
(11, 9, 12)
(1, 4, 9)
(0, 3, 8)
(2, 3, 8)
(2, 5, 10)
(0, 4, 7)
(24, 24, 26)
(25, 25, 27)
(26, 26, 28)
(23, 23, 25)
(23, 24, 28)
(3, 4, 9)
(4, 5, 10)
(5, 8, 13)
(6, 9, 14)
(4, 7, 12)
(2, 3, 7)
(3, 4, 8)
(1, 2, 6)
(1, 5, 4)
(3, 5, 4)
(0, 4, 3)
(1, 3, 2)
(0, 2, 1)
(2, 4, 3)
(134, 149, 156)
(10, 10, 10)
(11, 11, 11)
(9, 9, 9)
(12, 12, 12)
(8, 10, 9)
(3, 4, 8)
(2, 3, 7)
(4, 5, 9)
(6, 7, 11)
(7, 8, 12)
(5, 5, 5)
(4, 4, 4)
(3, 5, 4)
(6, 6, 6)
(2, 4, 3)
(0, 0, 0)
(1, 1, 1)
(3, 3, 3)
(4, 4, 4)
(2, 2, 2)
(5, 5, 5)
(5, 3, 4)
(4, 5, 0)
(5, 6, 1)
(3, 4, 0)
(6, 5, 1)
(5, 4, 0)
(4, 3, 1)
(3, 2, 0)
(59, 50, 35)
(5, 1, 0)
(10, 2, 0)
(63, 59, 47)
(68, 64, 52)
(64, 60, 48)
(69, 65, 53)
(67, 63, 51)
(68, 64, 52)
(63, 59, 47)
(69, 65, 53)
(62, 58, 46)
(64, 60, 48)
(68, 64, 52)
(64, 60, 48)
(69, 65, 53)
(2, 4, 3)
(65, 61, 49)
(8, 3, 0)
(10, 2, 0)
(11, 1, 0)
(5, 1, 0)
(66, 59, 43)
(223, 224, 219)
(224, 225, 220)
(222, 223, 218)
(230, 229, 225)
(231, 230, 226)
(212, 214, 213)
(213, 215, 214)
(214, 216, 215)
(217, 218, 213)
(215, 217, 216)
(5, 10, 6)
(4, 9, 5)
(2, 7, 3)
(3, 8, 4)
(6, 11, 7)
(4, 9, 5)
(5, 10, 6)
(2, 7, 3)
(3, 8, 4)
(6, 11, 7)
(0, 0, 2)
(138, 145, 151)
(137, 144, 150)
(132, 139, 145)
(131, 138, 144)
(2, 2, 4)
(2, 2, 2)
(4, 2, 3)
(3, 3, 3)
(3, 1, 2)
(6, 0, 0)
(7, 1, 1)
(4, 0, 0)
(8, 2, 2)
(1, 1, 1)
(182, 170, 158)
(181, 169, 157)
(180, 168, 156)
(183, 171, 159)
(119, 124, 128)
(174, 170, 158)
(175, 171, 159)
(180, 170, 158)
(173, 175, 164)
(176, 172, 160)
(44, 67, 117)
(43, 66, 116)
(88, 114, 151)
(45, 68, 118)
(44, 68, 116)
(78, 91, 74)
(71, 85, 70)
(70, 84, 69)
(79, 92, 75)
(77, 90, 73)
(1, 5, 4)
(3, 5, 4)
(4, 6, 5)
(2, 6, 5)
(0, 4, 3)
(1, 3, 2)
(0, 2, 1)
(2, 4, 3)
(40, 49, 28)
(41, 50, 29)
(40, 52, 28)
(39, 51, 27)
(45, 57, 33)
(44, 58, 33)
(46, 60, 35)
(219, 209, 217)
(217, 210, 218)
(220, 210, 218)
(218, 208, 216)
(216, 209, 217)
(222, 212, 220)
(221, 211, 219)
(219, 213, 217)
(223, 213, 221)
(218, 212, 216)
(34, 42, 21)
(36, 44, 23)
(41, 49, 28)
(35, 43, 22)
(40, 48, 27)
(215, 214, 219)
(214, 213, 218)
(216, 215, 220)
(215, 214, 222)
(217, 215, 220)
(1, 3, 0)
(0, 4, 0)
(0, 2, 0)
(0, 7, 0)
(0, 5, 0)
(3, 4, 8)
(5, 5, 7)
(6, 6, 6)
(2, 3, 7)
(51, 40, 36)
(27, 23, 24)
(26, 22, 23)
(28, 24, 25)
(19, 17, 18)
(25, 21, 22)
(24, 24, 26)
(23, 23, 25)
(25, 25, 27)
(26, 26, 28)
(30, 30, 32)
(2, 4, 3)
(1, 3, 2)
(0, 2, 1)
(3, 5, 4)
(52, 66, 41)
(57, 79, 154)
(56, 78, 153)
(63, 86, 164)
(81, 118, 199)
(64, 87, 165)
(0, 0, 0)
(1, 1, 1)
(0, 2, 1)
(3, 2, 0)
(45, 36, 29)
(7, 8, 12)
(8, 9, 13)
(6, 7, 11)
(9, 10, 14)
(4, 5, 10)
(10, 8, 11)
(9, 7, 10)
(11, 9, 12)
(8, 7, 12)
(9, 9, 11)
(5, 5, 5)
(5, 5, 7)
(6, 6, 6)
(4, 4, 6)
(6, 6, 8)
(6, 11, 14)
(5, 10, 13)
(5, 9, 12)
(6, 10, 13)
(8, 14, 12)
(8, 12, 11)
(7, 11, 10)
(10, 12, 11)
(11, 13, 12)
(9, 11, 10)
(0, 2, 1)
(11, 19, 8)
(1, 3, 0)
(12, 20, 9)
(0, 2, 0)
(171, 144, 123)
(170, 143, 122)
(172, 145, 124)
(171, 143, 122)
(167, 139, 118)
(40, 64, 88)
(39, 63, 87)
(30, 47, 67)
(31, 48, 68)
(41, 65, 89)
(1, 5, 4)
(0, 4, 3)
(2, 6, 9)
(1, 5, 8)
(4, 9, 13)
(4, 4, 4)
(6, 4, 5)
(11, 5, 5)
(12, 6, 6)
(5, 5, 5)
(2, 4, 3)
(1, 3, 2)
(4, 4, 4)
(6, 5, 3)
(11, 5, 5)
(3, 2, 0)
(8, 3, 0)
(7, 2, 0)
(22, 11, 7)
(19, 8, 4)
(1, 1, 1)
(10, 2, 0)
(3, 2, 0)
(7, 1, 1)
(6, 0, 0)
(3, 2, 0)
(4, 3, 1)
(7, 1, 1)
(10, 2, 0)
(8, 2, 2)
(3, 3, 3)
(2, 2, 4)
(2, 2, 2)
(0, 1, 5)
(4, 2, 3)
(17, 7, 6)
(18, 8, 7)
(16, 6, 5)
(23, 12, 10)
(5, 3, 4)
(17, 7, 6)
(16, 6, 5)
(18, 8, 7)
(11, 5, 5)
(23, 12, 10)
(17, 7, 6)
(19, 7, 7)
(16, 6, 5)
(11, 5, 5)
(9, 3, 3)
(15, 9, 9)
(14, 8, 8)
(26, 14, 14)
(25, 13, 13)
(23, 13, 12)
(9, 3, 3)
(8, 2, 2)
(15, 5, 4)
(11, 5, 5)
(17, 5, 5)
(38, 39, 43)
(42, 43, 47)
(37, 38, 42)
(43, 44, 48)
(36, 37, 41)
(148, 194, 243)
(147, 193, 242)
(152, 196, 243)
(150, 194, 243)
(151, 195, 242)
(4, 2, 3)
(2, 2, 4)
(7, 1, 1)
(8, 2, 2)
(2, 2, 2)
(20, 16, 17)
(19, 15, 16)
(18, 14, 15)
(21, 17, 18)
(15, 11, 12)
(53, 61, 72)
(54, 62, 73)
(73, 90, 108)
(52, 60, 71)
(72, 89, 107)
(209, 197, 207)
(208, 196, 206)
(206, 194, 206)
(207, 195, 205)
(207, 195, 207)
(7, 1, 1)
(8, 2, 2)
(4, 2, 3)
(10, 2, 0)
(6, 0, 0)
(171, 138, 95)
(172, 139, 96)
(184, 154, 104)
(185, 155, 105)
(165, 132, 89)
(3, 3, 5)
(2, 2, 4)
(3, 3, 3)
(2, 2, 2)
(3, 2, 7)
(53, 51, 54)
(53, 51, 56)
(52, 50, 53)
(54, 52, 55)
(52, 50, 55)
(44, 26, 14)
(45, 27, 15)
(43, 25, 13)
(46, 28, 16)
(42, 24, 12)
(249, 248, 246)
(246, 245, 243)
(246, 247, 242)
(244, 245, 240)
(243, 245, 244)
(3, 3, 3)
(5, 3, 4)
(4, 2, 3)
(3, 3, 5)
(7, 3, 4)
(6, 5, 10)
(5, 4, 9)
(7, 6, 11)
(6, 5, 11)
(8, 7, 12)
(5, 4, 9)
(6, 5, 10)
(7, 6, 11)
(7, 5, 10)
(6, 5, 11)
(6, 5, 10)
(5, 4, 9)
(7, 6, 11)
(7, 5, 10)
(9, 7, 12)
(255, 255, 255)
(7, 0, 10)
(8, 0, 11)
(6, 1, 8)
(7, 0, 8)
(1, 3, 2)
(0, 2, 1)
(2, 4, 3)
(3, 3, 3)
(4, 4, 4)
(1, 3, 2)
(0, 2, 1)
(2, 4, 3)
(1, 3, 0)
(2, 4, 1)
(2, 2, 2)
(2, 2, 0)
(1, 1, 1)
(3, 3, 3)
(4, 4, 4)
(17, 15, 16)
(18, 16, 17)
(19, 17, 20)
(19, 17, 18)
(20, 18, 21)
(12, 10, 11)
(13, 11, 12)
(16, 14, 17)
(17, 15, 18)
(18, 16, 19)
(3, 3, 11)
(6, 5, 13)
(5, 4, 12)
(12, 7, 13)
(9, 7, 12)
(3, 5, 0)
(2, 4, 0)
(4, 6, 1)
(8, 9, 3)
(7, 8, 2)
(4, 5, 0)
(14, 8, 8)
(6, 5, 3)
(5, 4, 2)
(13, 7, 7)
(1, 1, 3)
(0, 0, 2)
(2, 2, 4)
(1, 0, 5)
(4, 2, 3)
(255, 255, 255)
(6, 4, 5)
(4, 4, 4)
(12, 6, 6)
(4, 4, 6)
(255, 255, 255)
(4, 4, 4)
(3, 3, 5)
(1, 2, 6)
(4, 4, 6)
(255, 255, 255)
(4, 4, 4)
(4, 4, 6)
(3, 3, 5)
(3, 3, 3)
(250, 248, 253)
(245, 242, 253)
(244, 241, 252)
(4, 5, 0)
(243, 241, 254)
(0, 2, 1)
(2, 2, 2)
(3, 3, 3)
(1, 1, 1)
(11, 5, 5)
(0, 5, 8)
(0, 3, 6)
(0, 6, 6)
(0, 4, 7)
(20, 14, 14)
(0, 4, 3)
(0, 1, 5)
(1, 2, 4)
(14, 8, 8)
(15, 9, 9)
(0, 2, 1)
(14, 9, 3)
(15, 10, 4)
(13, 8, 2)
(22, 13, 6)
(11, 9, 10)
(9, 9, 9)
(15, 9, 9)
(10, 10, 10)
(12, 10, 11)
(4, 5, 0)
(1, 3, 2)
(3, 4, 0)
(5, 6, 1)
(3, 3, 1)
(3, 3, 3)
(0, 2, 1)
(2, 2, 2)
(4, 4, 4)
(1, 3, 2)
(2, 4, 1)
(1, 3, 0)
(3, 5, 2)
(4, 5, 0)
(4, 6, 3)
(3, 2, 0)
(5, 4, 0)
(2, 1, 0)
(6, 5, 1)
(4, 3, 0)
(22, 17, 23)
(21, 16, 22)
(20, 15, 21)
(19, 14, 20)
(23, 18, 24)
(26, 21, 27)
(27, 22, 28)
(25, 20, 26)
(28, 23, 29)
(20, 14, 18)
(8, 6, 17)
(9, 7, 18)
(6, 4, 15)
(4, 4, 14)
(7, 5, 16)
(5, 4, 12)
(6, 5, 13)
(4, 3, 11)
(5, 4, 10)
(5, 3, 14)
(1, 1, 1)
(0, 0, 0)
(2, 0, 1)
(63, 88, 144)
(64, 89, 145)
(116, 123, 141)
(121, 129, 148)
(122, 130, 149)
(117, 124, 142)
(123, 131, 150)
(255, 255, 255)
(153, 228, 247)
(154, 229, 248)
(152, 227, 246)
(155, 230, 249)
(4, 5, 0)
(0, 2, 0)
(3, 4, 0)
(2, 2, 0)
(1, 1, 0)
(255, 255, 255)
(255, 255, 253)
(20, 16, 17)
(12, 6, 8)
(21, 17, 18)
(3, 2, 0)
(3, 4, 0)
(7, 2, 0)
(9, 1, 0)
(11, 1, 0)
(255, 255, 255)
(255, 255, 253)
(255, 255, 251)
(0, 1, 5)
(2, 2, 4)
(0, 5, 8)
(1, 6, 9)
(3, 8, 11)
(4, 9, 12)
(4, 9, 13)
(0, 2, 1)
(1, 1, 1)
(0, 2, 0)
(0, 4, 3)
(1, 3, 0)
(0, 2, 1)
(1, 1, 1)
(1, 3, 0)
(0, 2, 0)
(0, 4, 3)
(0, 2, 0)
(1, 1, 1)
(1, 3, 0)
(0, 2, 1)
(0, 4, 0)
(213, 224, 230)
(224, 231, 237)
(214, 225, 231)
(212, 223, 229)
(225, 232, 238)
(229, 232, 225)
(228, 231, 224)
(227, 230, 223)
(230, 233, 226)
(231, 232, 224)
(247, 243, 232)
(248, 244, 233)
(246, 242, 231)
(231, 231, 221)
(245, 241, 230)
(254, 247, 237)
(253, 249, 238)
(252, 248, 237)
(255, 248, 238)
(253, 246, 236)
(0, 2, 1)
(1, 1, 1)
(73, 73, 63)
(63, 59, 50)
(74, 74, 64)
(5, 8, 15)
(4, 7, 14)
(6, 9, 16)
(2, 5, 12)
(3, 6, 13)
(1, 1, 3)
(1, 0, 5)
(1, 1, 1)
(221, 232, 226)
(222, 233, 227)
(5, 5, 5)
(2, 2, 2)
(4, 4, 4)
(3, 3, 3)
(1, 1, 1)
(3, 3, 3)
(10, 8, 9)
(5, 5, 5)
(4, 4, 4)
(11, 9, 10)
(4, 4, 4)
(3, 3, 3)
(5, 5, 5)
(8, 8, 8)
(9, 9, 9)
(0, 2, 1)
(1, 3, 2)
(0, 1, 5)
(0, 1, 3)
(2, 4, 3)
(1, 3, 2)
(0, 2, 1)
(3, 3, 3)
(12, 7, 4)
(0, 1, 5)
(255, 255, 255)
(26, 11, 6)
(19, 8, 6)
(22, 8, 5)
(18, 7, 5)
(2, 7, 3)
(4, 6, 3)
(1, 6, 2)
(2, 7, 1)
(4, 6, 1)
(3, 4, 8)
(1, 5, 8)
(0, 4, 7)
(2, 3, 7)
(4, 5, 9)
(0, 2, 1)
(1, 1, 1)
(1, 3, 2)
(2, 2, 2)
(3, 3, 3)
(36, 37, 42)
(35, 36, 41)
(37, 38, 43)
(43, 43, 51)
(42, 42, 50)
(68, 74, 86)
(67, 73, 85)
(72, 78, 90)
(69, 75, 87)
(73, 79, 91)
(96, 102, 114)
(97, 103, 115)
(95, 101, 113)
(115, 122, 138)
(61, 65, 77)
(0, 0, 0)
(1, 1, 1)
(52, 70, 84)
(51, 69, 83)
(50, 68, 82)
(150, 186, 208)
(151, 187, 209)
(152, 188, 210)
(65, 95, 119)
(64, 94, 118)
(41, 64, 82)
(40, 63, 81)
(42, 65, 83)
(39, 62, 80)
(146, 181, 203)
(106, 136, 164)
(126, 157, 185)
(125, 156, 184)
(105, 135, 163)
(32, 48, 71)
(16, 25, 32)
(15, 24, 31)
(68, 92, 116)
(69, 93, 117)
(67, 91, 115)
(149, 170, 189)
(90, 110, 137)
(74, 91, 117)
(153, 174, 193)
(75, 92, 118)
(75, 89, 100)
(76, 90, 101)
(74, 88, 99)
(77, 91, 102)
(73, 87, 98)
(146, 181, 201)
(145, 180, 202)
(146, 181, 203)
(145, 180, 200)
(148, 180, 201)
(161, 189, 228)
(160, 188, 227)
(158, 183, 223)
(158, 186, 225)
(162, 190, 229)
(73, 79, 91)
(74, 80, 92)
(72, 78, 90)
(75, 81, 93)
(71, 77, 89)
(163, 192, 210)
(167, 193, 206)
(30, 54, 30)
(162, 191, 209)
(168, 194, 207)
(159, 188, 206)
(157, 186, 204)
(158, 187, 205)
(157, 188, 206)
(158, 189, 207)
(173, 199, 212)
(172, 198, 211)
(174, 200, 213)
(168, 194, 207)
(167, 193, 206)
(227, 226, 231)
(222, 223, 228)
(225, 224, 229)
(221, 222, 227)
(220, 221, 226)
(146, 177, 197)
(141, 170, 188)
(142, 171, 189)
(143, 172, 190)
(147, 178, 198)
(185, 194, 211)
(186, 195, 212)
(184, 193, 210)
(187, 196, 213)
(183, 192, 209)
(0, 0, 0)
(2, 0, 1)
(21, 17, 8)
(13, 9, 0)
(19, 15, 6)
(183, 198, 205)
(184, 199, 206)
(181, 198, 205)
(180, 197, 205)
(159, 185, 198)
(4, 5, 0)
(1, 3, 0)
(2, 4, 1)
(116, 129, 120)
(122, 133, 127)
(61, 59, 60)
(61, 61, 61)
(39, 37, 38)
(206, 221, 224)
(60, 58, 59)
(0, 0, 0)
(0, 0, 0)
(0, 0, 0)
(0, 0, 0)
(0, 0, 0)
(0, 0, 0)
(0, 0, 0)
(0, 0, 0)
(0, 0, 0)
(0, 0, 0)
(0, 0, 0)
(0, 0, 0)
(0, 0, 0)
(0, 0, 0)
(0, 0, 0)
(0, 0, 0)
(0, 0, 0)
(0, 0, 0)
(0, 0, 0)
(0, 0, 0)
(0, 0, 0)
(0, 0, 0)
(0, 0, 0)
(0, 0, 0)
(0, 0, 0)
(0, 0, 0)
(0, 0, 0)
(0, 0, 0)
(0, 0, 0)
(0, 0, 0)
