0.99990162037
9.83796296296e-05
0.975136574074
0.00432291666667
0.00234259259259
0.00133680555556
0.000769675925926
0.914861111111
0.0165277777778
0.0093900462963
0.00559259259259
0.00330208333333
0.941189814815
0.0113206018519
0.00625925925926
0.00377777777778
0.00230902777778
0.999993055556
6.94444444444e-06
0.902236111111
0.0192384259259
0.0106712962963
0.00616319444444
0.00342592592593
0.926101851852
0.0154456018519
0.00778125
0.00437268518519
0.00252777777778
0.0105138888889
0.0096724537037
0.00871527777778
0.00814583333333
0.00755671296296
0.00319444444444
0.0030787037037
0.0029525462963
0.00274421296296
0.00274305555556
0.00423032407407
0.0036712962963
0.00357291666667
0.00308101851852
0.00300925925926
0.00377083333333
0.00356481481481
0.00330787037037
0.00309606481481
0.00299421296296
0.00604166666667
0.00486689814815
0.00453472222222
0.00391550925926
0.00385532407407
0.00623611111111
0.00528356481481
0.00314583333333
0.00288888888889
0.00286921296296
0.0129328703704
0.0107951388889
0.00651273148148
0.00444675925926
0.00408796296296
0.0210196759259
0.0133668981481
0.00949537037037
0.00942939814815
0.00861111111111
0.00351851851852
0.00339930555556
0.003
0.00295601851852
0.00286921296296
0.00934837962963
0.0087349537037
0.0084837962963
0.00838310185185
0.00704166666667
0.00824652777778
0.00808101851852
0.00662384259259
0.00547337962963
0.00534375
0.00393055555556
0.00359837962963
0.00346527777778
0.00345949074074
0.00342824074074
0.00191203703704
0.00186805555556
0.00181134259259
0.00178587962963
0.0017650462963
0.00360069444444
0.00357175925926
0.00333564814815
0.00277430555556
0.00274652777778
0.00236111111111
0.0022650462963
0.00220833333333
0.00220601851852
0.00213425925926
0.00290162037037
0.00274421296296
0.00273263888889
0.00259259259259
0.00232638888889
0.00188078703704
0.00181481481481
0.00177083333333
0.00169212962963
0.00166898148148
0.0169618055556
0.00498148148148
0.00446412037037
0.00410648148148
0.00393981481481
0.010494212963
0.00994328703704
0.00676851851852
0.00652777777778
0.00640509259259
0.00163541666667
0.00159027777778
0.00128472222222
0.00114814814815
0.000863425925926
0.00555787037037
0.00531018518519
0.00503703703704
0.00476273148148
0.00422106481481
0.0502523148148
0.0271006944444
0.0174594907407
0.0168472222222
0.0154583333333
0.0135046296296
0.0129525462963
0.00971180555556
0.0062662037037
0.00608333333333
0.0127951388889
0.012244212963
0.0120625
0.00925347222222
0.00891319444444
0.00750810185185
0.00696527777778
0.00421180555556
0.00238194444444
0.00235648148148
0.00532407407407
0.00480208333333
0.00261689814815
0.00242708333333
0.00197800925926
0.999996527778
3.47222222222e-06
0.0386840277778
0.0234074074074
0.0158854166667
0.0101099537037
0.00789583333333
0.00369791666667
0.00220601851852
0.00155902777778
0.00141666666667
0.000922453703704
0.000539351851852
0.000510416666667
0.000467592592593
0.000460648148148
0.000447916666667
0.00135532407407
0.00130092592593
0.00127199074074
0.00121296296296
0.0010625
0.00133564814815
0.00129166666667
0.00126273148148
0.00113541666667
0.00113078703704
0.00130671296296
0.0012349537037
0.00122916666667
0.00116550925926
0.00113888888889
0.000577546296296
0.0005
0.000451388888889
0.000435185185185
0.000427083333333
0.00196643518519
0.00155208333333
0.00147916666667
0.0014537037037
0.00132638888889
0.00121990740741
0.00111458333333
0.000962962962963
0.000789351851852
0.000784722222222
0.0125520833333
0.0125358796296
0.0109710648148
0.0100601851852
0.00918634259259
0.0174722222222
0.0172800925926
0.0144444444444
0.0132835648148
0.0125115740741
0.00136111111111
0.00130902777778
0.00122569444444
0.00121643518519
0.00119907407407
0.00591319444444
0.00300925925926
0.0026875
0.00196180555556
0.00192939814815
0.0101770833333
0.00901736111111
0.00813425925926
0.00797453703704
0.00713425925926
0.00114236111111
0.00113425925926
0.00110300925926
0.00106481481481
0.000868055555556
0.000673611111111
0.000667824074074
0.000646990740741
0.000645833333333
0.000640046296296
0.000928240740741
0.000803240740741
0.000719907407407
0.00071412037037
0.000697916666667
0.00286805555556
0.00265972222222
0.00250925925926
0.00242592592593
0.00223148148148
0.00812384259259
0.00461574074074
0.00460763888889
0.00309606481481
0.00175115740741
0.00399768518519
0.00125231481481
0.00120717592593
0.000725694444444
0.000707175925926
0.000827546296296
0.0008125
0.00078125
0.000752314814815
0.000738425925926
0.0282256944444
0.018130787037
0.0164930555556
0.0152152777778
0.0131284722222
0.0226956018519
0.0205104166667
0.0141759259259
0.0108553240741
0.0105393518519
0.00111921296296
0.00111342592593
0.00108564814815
0.00107986111111
0.00107291666667
0.0100590277778
0.00838194444444
0.00788425925926
0.00641319444444
0.00604398148148
0.00157638888889
0.00135648148148
0.00127662037037
0.00119560185185
0.000885416666667
0.00995601851852
0.00853009259259
0.00829166666667
0.00775578703704
0.00606828703704
0.00389583333333
0.00379976851852
0.00370833333333
0.0033587962963
0.0032349537037
0.00314467592593
0.00308912037037
0.00304513888889
0.00296064814815
0.00287268518519
0.000398148148148
0.000380787037037
0.000375
0.00037037037037
0.000327546296296
0.0029849537037
0.00284027777778
0.00273263888889
0.00260185185185
0.00260185185185
0.00247800925926
0.00165046296296
0.00091087962963
0.000864583333333
0.000831018518519
0.0107071759259
0.009625
0.00731597222222
0.00615277777778
0.00458564814815
0.00541087962963
0.00478472222222
0.00470023148148
0.00456018518519
0.00447337962963
0.0140358796296
0.0134085648148
0.0107835648148
0.00850694444444
0.0082962962963
0.00418055555556
0.00353472222222
0.00339699074074
0.00327546296296
0.00320138888889
0.00722916666667
0.00688657407407
0.00619097222222
0.00493055555556
0.0047025462963
0.00572453703704
0.00228125
0.00222222222222
0.00207407407407
0.00175231481481
0.0018125
0.0017337962963
0.00171412037037
0.00165046296296
0.00159953703704
0.0265810185185
0.0255520833333
0.0196840277778
0.0190821759259
0.0186377314815
0.0374456018519
0.0289270833333
0.0283321759259
0.0259016203704
0.0164224537037
0.0201273148148
0.0180486111111
0.014037037037
0.0128414351852
0.0125740740741
0.0645740740741
0.0530381944444
0.0345810185185
0.0193645833333
0.0192974537037
0.00798263888889
0.00765509259259
0.00544907407407
0.00526851851852
0.00522916666667
0.0237349537037
0.0136979166667
0.0129131944444
0.0128715277778
0.0110740740741
0.0124479166667
0.00789236111111
0.0076412037037
0.00751388888889
0.00745486111111
0.0206423611111
0.0205381944444
0.0167488425926
0.0148541666667
0.0142824074074
0.00957986111111
0.00857523148148
0.00777430555556
0.00728472222222
0.00706712962963
0.0112893518519
0.0108865740741
0.00919444444444
0.00767476851852
0.00755787037037
0.00592824074074
0.00578125
0.00547222222222
0.00514467592593
0.00513425925926
0.00617708333333
0.00596990740741
0.00539814814815
0.00486574074074
0.00436226851852
0.0202141203704
0.0149236111111
0.00815277777778
0.00746875
0.00735532407407
0.00244444444444
0.0022974537037
0.00228356481481
0.00224305555556
0.00218171296296
0.0062650462963
0.00546875
0.00486689814815
0.00484606481481
0.00473263888889
0.0329212962963
0.0291631944444
0.02090625
0.0182465277778
0.0180694444444
0.00246180555556
0.00241087962963
0.00231365740741
0.00215740740741
0.00209259259259
0.00422453703704
0.00379398148148
0.00368981481481
0.0036712962963
0.00351736111111
0.00191782407407
0.00186226851852
0.0015474537037
0.00146990740741
0.00135763888889
0.00526388888889
0.00488773148148
0.00420023148148
0.00406597222222
0.00396759259259
0.000732638888889
0.000726851851852
0.00071875
0.000695601851852
0.000680555555556
0.247725694444
0.189454861111
0.0611608796296
0.0184456018519
0.0116400462963
0.0017962962963
0.00168171296296
0.0016724537037
0.00161921296296
0.00154398148148
0.00930787037037
0.00922453703704
0.00887037037037
0.00798726851852
0.00641435185185
0.00369212962963
0.00369212962963
0.0034537037037
0.00338888888889
0.00333796296296
0.0103333333333
0.00912152777778
0.0080462962963
0.00540625
0.0049849537037
0.0182835648148
0.0148634259259
0.0124571759259
0.0117569444444
0.0112546296296
0.021056712963
0.0204722222222
0.0101701388889
0.00946875
0.00847800925926
0.0171493055556
0.0153194444444
0.0110509259259
0.0102650462963
0.00969791666667
0.0143148148148
0.0132615740741
0.0098125
0.00891550925926
0.00641782407407
0.00872453703704
0.00819560185185
0.00461574074074
0.00296064814815
0.00291666666667
0.00854282407407
0.00770486111111
0.006
0.00448611111111
0.00388078703704
0.00442013888889
0.00426967592593
0.00389930555556
0.00366550925926
0.00322337962963
0.00339699074074
0.00327314814815
0.00320601851852
0.00275347222222
0.00275115740741
0.00297222222222
0.00272800925926
0.00224074074074
0.00222685185185
0.00208564814815
0.00725347222222
0.00716898148148
0.00647106481481
0.00641319444444
0.00638773148148
0.048400462963
0.0312256944444
0.0203761574074
0.0121550925926
0.00963888888889
0.00213310185185
0.0018275462963
0.00175
0.00170023148148
0.00166087962963
0.00588078703704
0.00322916666667
0.00272800925926
0.0016087962963
0.00137847222222
0.0165648148148
0.00246875
0.00217013888889
0.00184259259259
0.00182060185185
0.012619212963
0.00700578703704
0.00648148148148
0.00623032407407
0.00582523148148
0.0236030092593
0.0061724537037
0.00499074074074
0.00439583333333
0.00433101851852
0.00252893518519
0.00187268518519
0.00187037037037
0.00182638888889
0.00166550925926
0.0103657407407
0.0095775462963
0.00770949074074
0.00681481481481
0.0065474537037
0.00678587962963
0.00539351851852
0.00496180555556
0.00471990740741
0.00339699074074
0.00635069444444
0.0038287037037
0.00381597222222
0.00347106481481
0.00319212962963
0.00540972222222
0.00391319444444
0.00363425925926
0.0028275462963
0.00271064814815
0.00371527777778
0.00364699074074
0.0035150462963
0.00347685185185
0.00335532407407
0.0150092592593
0.011337962963
0.0112581018519
0.0085625
0.00835648148148
0.0425902777778
0.0317002314815
0.0309398148148
0.0301909722222
0.0221018518519
0.00696064814815
0.00659490740741
0.00590972222222
0.00552199074074
0.00385416666667
0.0086400462963
0.00846064814815
0.00800578703704
0.00629976851852
0.00522453703704
0.00253472222222
0.00239699074074
0.00222106481481
0.00194675925926
0.00192013888889
0.00290972222222
0.00276041666667
0.00246412037037
0.00241087962963
0.00228935185185
0.00165277777778
0.0013912037037
0.00134837962963
0.00129861111111
0.00127314814815
0.0092025462963
0.00563078703704
0.00461111111111
0.0035787037037
0.00356018518519
0.0670740740741
0.0263912037037
0.00170023148148
0.00126157407407
0.00111342592593
0.00140509259259
0.00137847222222
0.00137037037037
0.00134953703704
0.00131944444444
0.0224699074074
0.0074849537037
0.00558564814815
0.00489467592593
0.00376273148148
0.00391666666667
0.00297453703704
0.00262152777778
0.00223958333333
0.00220138888889
0.000706018518519
0.000618055555556
0.000512731481481
0.000494212962963
0.000481481481481
0.010337962963
0.0101342592593
0.00562962962963
0.00528356481481
0.00483217592593
0.00155555555556
0.00083912037037
0.000559027777778
0.000359953703704
0.000326388888889
0.0127974537037
0.0082337962963
0.00406365740741
0.00376041666667
0.00341319444444
0.01475
0.01259375
0.0100902777778
0.0092337962963
0.00892476851852
0.0116041666667
0.00811342592593
0.00790740740741
0.00788310185185
0.00572222222222
0.0135208333333
0.0121631944444
0.0109143518519
0.00871990740741
0.00750115740741
0.00111574074074
0.00109027777778
0.000972222222222
0.000958333333333
0.000951388888889
0.00335532407407
0.00296875
0.00269675925926
0.00245023148148
0.00239467592593
0.00203587962963
0.00202893518519
0.00195486111111
0.00172453703704
0.00153009259259
0.00748842592593
0.00434606481481
0.00434143518519
0.00410185185185
0.00321643518519
0.00137615740741
0.00112037037037
0.000665509259259
0.000659722222222
0.000638888888889
0.000940972222222
0.000841435185185
0.000685185185185
0.000564814814815
0.000533564814815
0.00434027777778
0.00384143518519
0.00335069444444
0.0014212962963
0.00133912037037
0.0136319444444
0.0136273148148
0.0134675925926
0.0131793981481
0.00873726851852
0.00727314814815
0.00673263888889
0.00625231481481
0.00619791666667
0.00604166666667
0.00892708333333
0.00877314814815
0.00817708333333
0.00635300925926
0.00603356481481
0.345109953704
0.197016203704
0.0500914351852
0.0375752314815
0.0369421296296
0.0143449074074
0.0131574074074
0.00848148148148
0.00834143518519
0.0072025462963
0.00448611111111
0.0044224537037
0.00425347222222
0.00384375
0.00384259259259
0.0617326388889
0.029037037037
0.0272349537037
0.0233796296296
0.0219074074074
0.0294108796296
0.0289722222222
0.0257071759259
0.0167789351852
0.0163310185185
0.0416053240741
0.0149826388889
0.00989699074074
0.00584259259259
0.00578240740741
0.000929398148148
0.000928240740741
0.00090625
0.000878472222222
0.000837962962963
0.00145486111111
0.0013599537037
0.00135648148148
0.00133333333333
0.00127546296296
0.00156828703704
0.00150231481481
0.00137962962963
0.00137847222222
0.00137152777778
0.0102361111111
0.00545486111111
0.00504166666667
0.00483912037037
0.00447453703704
0.00127083333333
0.00124305555556
0.00112152777778
0.00106365740741
0.00105092592593
0.00183680555556
0.0016875
0.00157407407407
0.00148842592593
0.00140625
0.00192708333333
0.0018900462963
0.00179282407407
0.00178819444444
0.00163425925926
0.0025787037037
0.00254166666667
0.00244212962963
0.0023287037037
0.00231481481481
0.00188541666667
0.00182986111111
0.00168287037037
0.00167708333333
0.00162847222222
0.0218645833333
0.0203622685185
0.0181458333333
0.0142222222222
0.0120393518519
0.00420833333333
0.00401157407407
0.00392476851852
0.00389583333333
0.00357986111111
0.0121446759259
0.00981018518519
0.00585648148148
0.00579398148148
0.00548263888889
0.00693171296296
0.00637731481481
0.00574652777778
0.00499074074074
0.00357523148148
0.00105902777778
0.00104166666667
0.00103009259259
0.00101273148148
0.000996527777778
0.0016724537037
0.00162037037037
0.00159375
0.00153935185185
0.0014837962963
0.00618171296296
0.00617361111111
0.00565625
0.00496180555556
0.00473148148148
0.00556018518519
0.00531018518519
0.00479282407407
0.00438657407407
0.00428587962963
0.00229976851852
0.00215509259259
0.00214814814815
0.00196296296296
0.00195138888889
0.0053912037037
0.00520833333333
0.00481018518519
0.00419675925926
0.00352662037037
0.0110358796296
0.00543287037037
0.00475
0.00452314814815
0.00435648148148
0.00417361111111
0.00389467592593
0.00313425925926
0.00300810185185
0.00295138888889
0.00141319444444
0.00118171296296
0.00106597222222
0.00102777777778
0.00101157407407
0.00239351851852
0.00206944444444
0.00202430555556
0.00201851851852
0.002
1.0
1.0
1.0
1.0
1.0
1.0
1.0
1.0
1.0
1.0
1.0
1.0
1.0
1.0
1.0
1.0
1.0
1.0
1.0
1.0
1.0
1.0
1.0
1.0
1.0
1.0
1.0
1.0
1.0
1.0
