1.0
1.0
1.0
1.0
1.0
0.106441761364
0.0744105113636
0.0566015625
0.0365909090909
0.0215056818182
0.03046875
0.0138174715909
0.0127414772727
0.0101917613636
0.00879261363636
0.0554509943182
0.0386328125
0.0264453125
0.0244673295455
0.0241335227273
0.0409375
0.0342329545455
0.0160404829545
0.0145241477273
0.0127805397727
0.0121697443182
0.00883877840909
0.00792613636364
0.00772372159091
0.0062890625
0.0133948863636
0.0104723011364
0.00946377840909
0.00893110795455
0.00843394886364
0.0435014204545
0.0398011363636
0.0236363636364
0.0105681818182
0.0103693181818
0.0150035511364
0.0124928977273
0.0111008522727
0.0101953125
0.00986860795455
0.0648366477273
0.0579367897727
0.0268963068182
0.0229829545455
0.0201988636364
0.0213600852273
0.0204119318182
0.0165980113636
0.0159126420455
0.0125284090909
0.0122336647727
0.0120170454545
0.0114275568182
0.0108203125
0.00809303977273
0.0834446022727
0.0821200284091
0.0640198863636
0.0625497159091
0.0572372159091
0.00689985795455
0.00593394886364
0.00581676136364
0.00487215909091
0.00421875
0.0428267045455
0.0311363636364
0.0253125
0.0227308238636
0.0199751420455
0.00346590909091
0.00343394886364
0.00322088068182
0.00287642045455
0.00280539772727
0.0102876420455
0.00677556818182
0.00673295454545
0.00665127840909
0.00640269886364
0.00663352272727
0.00517400568182
0.00452769886364
0.00297230113636
0.00286576704545
0.0109481534091
0.0100745738636
0.00750355113636
0.00645596590909
0.00610085227273
0.00840198863636
0.00835582386364
0.00787997159091
0.00725142045455
0.00680752840909
0.0264559659091
0.0220987215909
0.0162215909091
0.0152698863636
0.0131960227273
0.0230717329545
0.0216086647727
0.0214026988636
0.0200568181818
0.0178657670455
0.0140909090909
0.007890625
0.0078125
0.00678977272727
0.00519886363636
0.0091796875
0.00744318181818
0.00637428977273
0.00602272727273
0.00589133522727
0.0259801136364
0.0161150568182
0.0151207386364
0.0134055397727
0.00765269886364
0.0859907670455
0.0356782670455
0.0145703125
0.0123401988636
0.0121164772727
0.0697194602273
0.0627805397727
0.0540625
0.0317862215909
0.0131107954545
0.0321484375
0.0235830965909
0.0229367897727
0.0138849431818
0.0100426136364
0.0180433238636
0.0125319602273
0.0112571022727
0.0108203125
0.00991477272727
0.0427556818182
0.0142436079545
0.0112357954545
0.00838423295455
0.00690696022727
0.0492009943182
0.0439133522727
0.0361363636364
0.00993252840909
0.00759588068182
0.0209019886364
0.0168572443182
0.0163352272727
0.0151669034091
0.0138316761364
0.0221235795455
0.0150355113636
0.0126455965909
0.00885298295455
0.00706676136364
0.261203835227
0.121743607955
0.0524964488636
0.0412535511364
0.0333806818182
0.184850852273
0.0953799715909
0.0717151988636
0.0572798295455
0.0396342329545
0.0320667613636
0.00887784090909
0.00846590909091
0.00821732954545
0.00813565340909
0.0459055397727
0.0225248579545
0.0162961647727
0.0157173295455
0.0143430397727
0.125703125
0.0308948863636
0.0245774147727
0.0121768465909
0.00986150568182
0.0338316761364
0.0198899147727
0.0148117897727
0.0103586647727
0.0100674715909
0.0145987215909
0.0127414772727
0.00946377840909
0.00911931818182
0.00827059659091
0.00740411931818
0.00549715909091
0.00451349431818
0.00399147727273
0.00395951704545
0.00778409090909
0.00775213068182
0.00738991477273
0.00729403409091
0.00692471590909
0.0233132102273
0.0169886363636
0.0160475852273
0.0126420454545
0.0116548295455
0.0180113636364
0.0167684659091
0.013515625
0.011328125
0.0110298295455
0.0128657670455
0.0107776988636
0.00960582386364
0.00854403409091
0.00700994318182
0.00840553977273
0.00783735795455
0.00758877840909
0.00724431818182
0.00692116477273
0.0308274147727
0.0239346590909
0.0214559659091
0.0212286931818
0.0208203125
0.0218039772727
0.0215660511364
0.0193394886364
0.0190092329545
0.0181001420455
0.0478053977273
0.0299751420455
0.0224289772727
0.0168181818182
0.0158558238636
0.0468714488636
0.0368678977273
0.0331782670455
0.0320205965909
0.0261470170455
0.0340909090909
0.0317542613636
0.0293892045455
0.0234268465909
0.0190163352273
0.0423686079545
0.0197514204545
0.0185298295455
0.0154580965909
0.0150426136364
0.0338352272727
0.0278125
0.0227201704545
0.0218998579545
0.0199644886364
0.0401775568182
0.0375816761364
0.0323046875
0.0291796875
0.0177769886364
0.0159375
0.0123224431818
0.0108771306818
0.0108167613636
0.00779474431818
0.0429971590909
0.0274396306818
0.0265553977273
0.0228622159091
0.0202947443182
0.0118678977273
0.00872514204545
0.00716264204545
0.00686079545455
0.00678267045455
0.0195028409091
0.00893110795455
0.00884588068182
0.00799005681818
0.00797940340909
0.0219460227273
0.0177237215909
0.0133025568182
0.0121164772727
0.0104794034091
0.0193146306818
0.015
0.0143821022727
0.0128053977273
0.00971946022727
0.0120845170455
0.0115411931818
0.00834872159091
0.00774147727273
0.00745383522727
0.0151278409091
0.01046875
0.0103196022727
0.00857244318182
0.00757102272727
0.0226775568182
0.0198224431818
0.0187926136364
0.0147940340909
0.0138387784091
0.0324964488636
0.0252308238636
0.0239524147727
0.0152734375
0.0144105113636
0.0299715909091
0.0266761363636
0.0260759943182
0.0168217329545
0.0164701704545
0.0484019886364
0.0452876420455
0.0383132102273
0.0267649147727
0.0243394886364
0.0215340909091
0.0152876420455
0.0151100852273
0.0148082386364
0.0144779829545
0.00295809659091
0.00281605113636
0.00231534090909
0.00197088068182
0.00193181818182
0.0330681818182
0.0149573863636
0.0136470170455
0.0126278409091
0.0122975852273
0.0279083806818
0.021953125
0.0172017045455
0.0167294034091
0.0148579545455
0.00515269886364
0.00352982954545
0.00329900568182
0.00314275568182
0.00284801136364
0.0040234375
0.00399147727273
0.00362215909091
0.00324928977273
0.00298650568182
0.0167684659091
0.0151846590909
0.011171875
0.0109375
0.0103089488636
0.0206143465909
0.0179545454545
0.0169211647727
0.0128693181818
0.0123579545455
0.0146519886364
0.0146164772727
0.0143217329545
0.0135653409091
0.0131498579545
0.00803267045455
0.00580610795455
0.00482244318182
0.00374644886364
0.0036328125
0.0826811079545
0.0384765625
0.0327627840909
0.0320951704545
0.0236292613636
0.0412286931818
0.0325532670455
0.0323757102273
0.0306285511364
0.0270028409091
0.0124396306818
0.0110866477273
0.0106569602273
0.0103160511364
0.00968039772727
0.0634161931818
0.0374644886364
0.0308096590909
0.0269708806818
0.0129616477273
0.0410085227273
0.0312464488636
0.0238210227273
0.0188068181818
0.0164808238636
0.0473863636364
0.0240198863636
0.0209659090909
0.0169389204545
0.0165482954545
0.00865056818182
0.00766690340909
0.00694957386364
0.00621803977273
0.00541548295455
0.00768821022727
0.00578835227273
0.00535866477273
0.00525568181818
0.00436079545455
0.006171875
0.00455610795455
0.00417258522727
0.00417258522727
0.00411931818182
0.00689275568182
0.00484019886364
0.00469105113636
0.00431463068182
0.00362926136364
0.110933948864
0.0550177556818
0.0134410511364
0.0126917613636
0.0109907670455
0.0878728693182
0.0853728693182
0.0723721590909
0.0519140625
0.0390198863636
0.0176811079545
0.0143678977273
0.0116796875
0.0099609375
0.00539772727273
0.0316015625
0.0293110795455
0.0223899147727
0.0217933238636
0.0169886363636
0.0443039772727
0.03875
0.0300248579545
0.0279616477273
0.0219815340909
0.0361044034091
0.0322407670455
0.0250958806818
0.0176065340909
0.0144318181818
0.0522123579545
0.0437109375
0.0432741477273
0.0334446022727
0.0309623579545
0.0332386363636
0.0274076704545
0.0173508522727
0.0169069602273
0.01421875
0.0358771306818
0.0237038352273
0.0223544034091
0.0196803977273
0.0181285511364
0.0534978693182
0.0392613636364
0.0190589488636
0.01546875
0.0109659090909
0.0130007102273
0.0100994318182
0.00856534090909
0.00605113636364
0.005546875
0.0393359375
0.0366903409091
0.0338032670455
0.0291974431818
0.0279261363636
0.0343892045455
0.027578125
0.0263991477273
0.0226420454545
0.0188742897727
0.127492897727
0.0654367897727
0.0471910511364
0.0180646306818
0.0165234375
0.0851242897727
0.0436967329545
0.0236612215909
0.0190411931818
0.0164311079545
0.0479971590909
0.0348046875
0.0261896306818
0.0258700284091
0.0243039772727
0.0407350852273
0.0406321022727
0.0383735795455
0.0315092329545
0.0301278409091
0.125284090909
0.0941228693182
0.0541193181818
0.035
0.0338245738636
0.0685582386364
0.0465625
0.0458984375
0.042109375
0.0339488636364
0.0309339488636
0.0233487215909
0.0221058238636
0.0211825284091
0.0161399147727
0.0199396306818
0.0194353693182
0.0192365056818
0.0189240056818
0.0177592329545
0.00875
0.00845170454545
0.0076953125
0.00712357954545
0.00712357954545
0.0129403409091
0.0109303977273
0.0076171875
0.00735085227273
0.0058984375
0.0930326704545
0.0460191761364
0.0347549715909
0.0251775568182
0.0225390625
0.0390305397727
0.037734375
0.0326420454545
0.0272123579545
0.0181285511364
0.0118075284091
0.0110262784091
0.00774857954545
0.00771661931818
0.00713778409091
0.0225248579545
0.0208522727273
0.0183132102273
0.0150923295455
0.0145383522727
0.0586860795455
0.01734375
0.0164737215909
0.0136150568182
0.0117897727273
0.0520134943182
0.0297762784091
0.0252876420455
0.0240660511364
0.0205610795455
0.0309303977273
0.0277947443182
0.0147691761364
0.0133842329545
0.0127130681818
0.0572478693182
0.0416122159091
0.0327592329545
0.0299893465909
0.0222691761364
0.00852627840909
0.00464488636364
0.00454545454545
0.00444602272727
0.00419389204545
0.0196306818182
0.0129865056818
0.0123011363636
0.0118714488636
0.0106143465909
0.0515873579545
0.0428196022727
0.0228941761364
0.0208558238636
0.0190127840909
0.0553515625
0.0490447443182
0.0252379261364
0.0220987215909
0.0194566761364
0.181455965909
0.0432102272727
0.0325532670455
0.0310582386364
0.0260475852273
0.0249183238636
0.0197975852273
0.0147798295455
0.0126384943182
0.00973011363636
0.00754261363636
0.00706321022727
0.00616122159091
0.00556818181818
0.0048828125
0.0434090909091
0.0254296875
0.0253018465909
0.0232599431818
0.0205788352273
0.0739666193182
0.0428267045455
0.017890625
0.0147478693182
0.0128196022727
0.0562357954545
0.0289026988636
0.0249822443182
0.0246803977273
0.0188849431818
0.0245170454545
0.0242080965909
0.0236186079545
0.0235191761364
0.0205149147727
0.0595063920455
0.0541619318182
0.0245596590909
0.0237109375
0.0143501420455
0.0662038352273
0.0329012784091
0.0149680397727
0.0114701704545
0.0107350852273
0.00617897727273
0.00588423295455
0.00471590909091
0.00459161931818
0.00454900568182
0.00297940340909
0.00286221590909
0.00276278409091
0.00274502840909
0.00252840909091
0.0298792613636
0.0287322443182
0.0271803977273
0.0265234375
0.0246839488636
0.00980113636364
0.00871803977273
0.00853338068182
0.00830965909091
0.00775213068182
0.01703125
0.016328125
0.0108700284091
0.00724431818182
0.00716974431818
0.0273721590909
0.0253480113636
0.0168714488636
0.0119211647727
0.0116193181818
0.00362215909091
0.00258167613636
0.00217329545455
0.00202414772727
0.00191761363636
0.00759588068182
0.00734730113636
0.0067578125
0.00641335227273
0.00566051136364
0.00810369318182
0.00297585227273
0.00252840909091
0.0025
0.00220525568182
0.00892755681818
0.00785866477273
0.00737926136364
0.00568536931818
0.00551136363636
0.00516690340909
0.0049609375
0.00486860795455
0.00486505681818
0.00473011363636
0.0149538352273
0.00562855113636
0.00528764204545
0.00467329545455
0.00438210227273
0.00480113636364
0.00356534090909
0.00252130681818
0.00250355113636
0.00238636363636
0.0103941761364
0.00805042613636
0.00716264204545
0.00674715909091
0.00623224431818
0.0086328125
0.00742897727273
0.00553267045455
0.00515980113636
0.00497869318182
0.0132066761364
0.0094921875
0.00947443181818
0.00832741477273
0.0083203125
0.0113352272727
0.00947798295455
0.00878196022727
0.00674360795455
0.00630681818182
0.0102308238636
0.00807528409091
0.00777698863636
0.00776633522727
0.00606534090909
0.205298295455
0.0343465909091
0.0329616477273
0.0239737215909
0.0219708806818
0.171590909091
0.114421164773
0.0661789772727
0.0468110795455
0.0436150568182
0.168494318182
0.0619673295455
0.0352414772727
0.0321875
0.0233061079545
0.0490234375
0.0284801136364
0.0200106534091
0.0165589488636
0.0163103693182
0.0613316761364
0.0538742897727
0.0471626420455
0.0409552556818
0.0325177556818
0.0441761363636
0.0223366477273
0.00784446022727
0.00734019886364
0.00654119318182
0.0263884943182
0.0250142045455
0.00930042613636
0.00917613636364
0.0090625
0.0358309659091
0.0303551136364
0.0256072443182
0.0231214488636
0.0211612215909
0.156484375
0.0597088068182
0.0182954545455
0.0181605113636
0.0053515625
0.146871448864
0.107642045455
0.0655113636364
0.0393430397727
0.0238352272727
0.0617791193182
0.0507350852273
0.0392507102273
0.0363565340909
0.0324857954545
0.0250639204545
0.0201455965909
0.0197372159091
0.0154048295455
0.0151313920455
0.168973721591
0.101551846591
0.0509907670455
0.0239595170455
0.0144034090909
0.0807208806818
0.0512322443182
0.0285014204545
0.0273828125
0.0150958806818
0.161381392045
0.1228515625
0.0697017045455
0.0525603693182
0.0436541193182
0.00599076704545
0.00460582386364
0.00442826704545
0.004140625
0.00409801136364
0.0172514204545
0.0169247159091
0.0149431818182
0.0143039772727
0.0126136363636
0.0330291193182
0.0322585227273
0.0312215909091
0.0228870738636
0.0119069602273
0.0138849431818
0.0125532670455
0.0090234375
0.00787997159091
0.00786576704545
0.0538458806818
0.0421555397727
0.0298899147727
0.0219850852273
0.0212997159091
0.0269744318182
0.0252059659091
0.0237748579545
0.0232173295455
0.0209552556818
0.0625674715909
0.0620276988636
0.0360120738636
0.0304332386364
0.0283558238636
0.114740767045
0.0421803977273
0.0261044034091
0.0185617897727
0.0170738636364
0.0628657670455
0.0518678977273
0.04671875
0.0370419034091
0.0299431818182
0.0723153409091
0.0376846590909
0.0235795454545
0.0196875
0.0128373579545
0.0680504261364
0.0333700284091
0.0264098011364
0.0209481534091
0.0165092329545
0.162091619318
0.0640269886364
0.0328977272727
0.0316477272727
0.02890625
0.169495738636
0.0813778409091
0.05421875
0.0436434659091
0.0341796875
0.129641335227
0.105724431818
0.0506214488636
0.0338707386364
0.0297549715909
0.244854403409
0.101807528409
0.0521768465909
0.0227698863636
0.0226136363636
0.0549502840909
0.0523970170455
0.0357990056818
0.0225355113636
0.0199822443182
0.128252840909
0.0668430397727
0.0532244318182
0.0469069602273
0.0463636363636
0.03875
0.0190909090909
0.0189559659091
0.0161221590909
0.0148224431818
0.00748934659091
0.00712002840909
0.00677911931818
0.00587002840909
0.00513494318182
0.0087109375
0.00838778409091
0.00825639204545
0.00807883522727
0.0079296875
0.00808948863636
0.00729403409091
0.00572798295455
0.00571377840909
0.00556463068182
0.0025390625
0.00228693181818
0.00226207386364
0.00220880681818
0.00209872159091
0.0756036931818
0.0449396306818
0.0338778409091
0.0283700284091
0.0216548295455
0.121420454545
0.114975142045
0.086015625
0.0763955965909
0.0476420454545
0.0216512784091
0.0205610795455
0.0148970170455
0.0141690340909
0.0141228693182
0.0955255681818
0.0647301136364
0.060078125
0.0440127840909
0.0419211647727
0.105411931818
0.0636647727273
0.0471058238636
0.0448863636364
0.0432102272727
0.0926526988636
0.0196200284091
0.00930042613636
0.00911576704545
0.00644176136364
0.0160049715909
0.0144850852273
0.0137784090909
0.0118394886364
0.0111576704545
0.0354261363636
0.0301775568182
0.0212251420455
0.0176740056818
0.0111115056818
0.0455433238636
0.0250568181818
0.0206285511364
0.018046875
0.0157492897727
0.704247159091
0.0766583806818
0.0253551136364
0.0114737215909
0.00961292613636
0.0328053977273
0.0221590909091
0.0173863636364
0.0148366477273
0.00854048295455
0.00616832386364
0.00571377840909
0.00447088068182
0.00445667613636
0.00408380681818
0.0230965909091
0.0064453125
0.00410511363636
0.00409801136364
0.00362571022727
0.0180965909091
0.0141832386364
0.0109872159091
0.00986150568182
0.00890269886364
0.0127166193182
0.0121022727273
0.0112535511364
0.0111115056818
0.0104048295455
0.00893821022727
0.00807883522727
0.00594815340909
0.00562855113636
0.00549715909091
0.0243359375
0.0122975852273
0.0116903409091
0.00981889204545
0.00823863636364
0.00466619318182
0.00411576704545
0.00386008522727
0.00364346590909
0.00265625
0.0529900568182
0.0308948863636
0.0300355113636
0.0283025568182
0.0269424715909
0.01125
0.00773082386364
0.00746803977273
0.00319957386364
0.00208806818182
0.0174715909091
0.0156640625
0.0130859375
0.0111292613636
0.0110014204545
0.0324041193182
0.0189098011364
0.0163352272727
0.0149964488636
0.0129474431818
0.0280291193182
0.0154509943182
0.0118110795455
0.010703125
0.00965198863636
0.0085546875
0.0084765625
0.00823863636364
0.00737926136364
0.006328125
0.0159978693182
0.0115269886364
0.0113210227273
0.0109197443182
0.0101171875
0.0185830965909
0.0180184659091
0.0162571022727
0.0159659090909
0.01140625
0.0125390625
0.0116938920455
0.00980113636364
0.00952059659091
0.0085546875
0.0324715909091
0.0312251420455
0.0278373579545
0.0206107954545
0.0197159090909
0.0382137784091
0.0275390625
0.0137464488636
0.0127024147727
0.0111257102273
0.000795454545455
0.000727982954545
0.000674715909091
0.000671164772727
0.0006640625
0.999744318182
0.000198863636364
2.48579545455e-05
1.06534090909e-05
1.06534090909e-05
0.978391335227
0.00432173295455
0.00178622159091
0.00170809659091
0.0009765625
0.986342329545
0.00265269886364
0.00122869318182
0.000930397727273
0.000724431818182
0.926086647727
0.0143323863636
0.00684303977273
0.00433948863636
0.00328835227273
0.909612926136
0.0548792613636
0.00695667613636
0.00363636363636
0.00248224431818
0.793501420455
0.0518288352273
0.0218039772727
0.0120916193182
0.00751065340909
0.693146306818
0.0943785511364
0.0285901988636
0.0158451704545
0.00969105113636
0.716811079545
0.0771626420455
0.0302911931818
0.0172159090909
0.0104296875
0.730724431818
0.0785582386364
0.0255220170455
0.0136541193182
0.00820667613636
0.873341619318
0.0321555397727
0.0139169034091
0.00797585227273
0.00488991477273
0.728245738636
0.0645028409091
0.0297194602273
0.0177627840909
0.00976207386364
0.797013494318
0.0385404829545
0.0203764204545
0.0120205965909
0.00702414772727
0.770759943182
0.0801065340909
0.0217151988636
0.0118856534091
0.00705255681818
0.768412642045
0.0681640625
0.0226207386364
0.0122052556818
0.00739701704545
0.733615056818
0.0732421875
0.026484375
0.0155149147727
0.00884588068182
0.758316761364
0.0898295454545
0.0211541193182
0.0112642045455
0.00666548295455
