1.0
1.0
1.0
1.0
1.0
0.00687065972222
0.00528645833333
0.00476128472222
0.00470486111111
0.00470486111111
0.0555555555556
0.0350477430556
0.0349435763889
0.0316970486111
0.0266536458333
0.0126909722222
0.0116319444444
0.0110112847222
0.0084765625
0.00845486111111
0.0450390625
0.0371137152778
0.0309678819444
0.0147395833333
0.0116623263889
0.00148871527778
0.00137152777778
0.00129774305556
0.00125
0.00121961805556
0.0423220486111
0.0162065972222
0.00780815972222
0.00731770833333
0.00654079861111
0.00946180555556
0.00831597222222
0.00817708333333
0.00742621527778
0.00712673611111
0.0454166666667
0.0146006944444
0.0124435763889
0.0112196180556
0.00910590277778
0.0181640625
0.0155121527778
0.0134461805556
0.0131293402778
0.0127083333333
0.08453125
0.0204557291667
0.0189019097222
0.0188107638889
0.0180512152778
0.0122960069444
0.00745659722222
0.00543402777778
0.00504774305556
0.00477430555556
0.00564236111111
0.00477864583333
0.004765625
0.00465277777778
0.00456597222222
0.0089453125
0.00700520833333
0.00608072916667
0.00583333333333
0.00493489583333
0.00236979166667
0.00190972222222
0.00188802083333
0.00184027777778
0.00174913194444
0.00748697916667
0.00573350694444
0.00521701388889
0.00510416666667
0.00499565972222
0.00478732638889
0.00454861111111
0.0039453125
0.00334635416667
0.00315538194444
0.00358506944444
0.00341579861111
0.00319444444444
0.00303819444444
0.00291666666667
0.0255078125
0.0146701388889
0.00826388888889
0.00655381944444
0.00601996527778
0.0105729166667
0.0085546875
0.00632378472222
0.00616319444444
0.00503038194444
0.0078515625
0.00771267361111
0.00676215277778
0.00452256944444
0.00436631944444
0.0169314236111
0.0163585069444
0.00776909722222
0.00724826388889
0.00638888888889
0.007890625
0.00788194444444
0.00771267361111
0.0071484375
0.00641927083333
0.06796875
0.0630164930556
0.0388715277778
0.037265625
0.034921875
0.00417100694444
0.00407552083333
0.00401475694444
0.00391059027778
0.00325954861111
0.000685763888889
0.000668402777778
0.000651041666667
0.000620659722222
0.000603298611111
0.00369791666667
0.00318576388889
0.00263020833333
0.00225260416667
0.00173611111111
0.00206597222222
0.00171006944444
0.00168836805556
0.00164930555556
0.0013671875
0.00209635416667
0.00194444444444
0.00190538194444
0.00183159722222
0.00174913194444
0.00114149305556
0.000733506944444
0.000711805555556
0.000672743055556
0.000668402777778
0.00306423611111
0.00251302083333
0.00231336805556
0.0021875
0.00211805555556
0.0111371527778
0.00952256944444
0.00879340277778
0.00730902777778
0.00687934027778
0.004453125
0.00369357638889
0.00355902777778
0.00315104166667
0.00276041666667
0.0164583333333
0.00930121527778
0.00461371527778
0.00383246527778
0.00335069444444
0.00153211805556
0.00150173611111
0.00126302083333
0.00120225694444
0.00118055555556
0.00997395833333
0.00568576388889
0.00566840277778
0.003125
0.00293402777778
0.00342447916667
0.00286458333333
0.00200954861111
0.001875
0.00148003472222
0.0105121527778
0.0104817708333
0.00939236111111
0.00920572916667
0.00760416666667
0.00257378472222
0.00197048611111
0.001875
0.00186631944444
0.00180121527778
0.00318142361111
0.00304253472222
0.00278211805556
0.00264756944444
0.00261284722222
0.00509548611111
0.00498263888889
0.00480034722222
0.00414496527778
0.00411024305556
0.0207291666667
0.0135199652778
0.0119184027778
0.0113194444444
0.0111414930556
0.0153168402778
0.0142404513889
0.013515625
0.01203125
0.00908420138889
0.0242447916667
0.0178081597222
0.011328125
0.0092578125
0.00682725694444
0.0120095486111
0.00921875
0.00847222222222
0.00408854166667
0.00365451388889
0.0213541666667
0.0206814236111
0.0206684027778
0.0166710069444
0.0148611111111
0.00434895833333
0.00391927083333
0.00268663194444
0.00213975694444
0.0020703125
0.00567708333333
0.00566840277778
0.00434461805556
0.00415798611111
0.0036328125
0.00759114583333
0.0067578125
0.00486111111111
0.00407118055556
0.00357204861111
0.00565972222222
0.00519965277778
0.004453125
0.00444010416667
0.00435763888889
0.111861979167
0.0215364583333
0.0185980902778
0.0162456597222
0.0136154513889
0.0101605902778
0.00998697916667
0.00820746527778
0.00715277777778
0.00692708333333
0.0219140625
0.0177473958333
0.0165364583333
0.0150868055556
0.0116059027778
0.00231770833333
0.00179253472222
0.00166232638889
0.00158420138889
0.00153645833333
0.0149609375
0.0111762152778
0.0101345486111
0.00862847222222
0.00609375
0.001328125
0.00118489583333
0.00114583333333
0.0011328125
0.00111545138889
0.0275086805556
0.0158897569444
0.0145052083333
0.0144097222222
0.0140625
0.00754340277778
0.00571614583333
0.00565538194444
0.00563368055556
0.00530381944444
0.0446788194444
0.0422829861111
0.0394097222222
0.0368706597222
0.0314583333333
0.0479947916667
0.0152734375
0.0138585069444
0.0124826388889
0.0124435763889
0.0183289930556
0.0132942708333
0.010546875
0.0080078125
0.00786024305556
0.0120399305556
0.0119574652778
0.0108203125
0.0107378472222
0.00879774305556
0.0126475694444
0.0124262152778
0.0115538194444
0.0106336805556
0.0084375
0.0191536458333
0.0140277777778
0.0121571180556
0.0106901041667
0.00977430555556
0.0784765625
0.0778211805556
0.0439236111111
0.0422048611111
0.0406901041667
0.00628472222222
0.00606770833333
0.005703125
0.00473090277778
0.0042578125
0.00431423611111
0.00345486111111
0.00335503472222
0.00317708333333
0.00293836805556
0.0117838541667
0.00796875
0.00601128472222
0.00509982638889
0.00509548611111
0.00155815972222
0.0009765625
0.000941840277778
0.000907118055556
0.000868055555556
0.01171875
0.00673177083333
0.00413194444444
0.00295138888889
0.00173177083333
0.0114453125
0.00677951388889
0.00642795138889
0.00603298611111
0.00523871527778
0.0149131944444
0.0134331597222
0.0127560763889
0.00970052083333
0.00795572916667
0.00645399305556
0.00489149305556
0.00362413194444
0.00270833333333
0.00269097222222
0.0242578125
0.0226215277778
0.0187760416667
0.0158203125
0.0151345486111
0.00684027777778
0.00674913194444
0.00609809027778
0.00586371527778
0.00563368055556
0.00318142361111
0.00288628472222
0.00284288194444
0.00257378472222
0.00253038194444
0.0170355902778
0.0121484375
0.0119791666667
0.0104079861111
0.0103342013889
0.00634548611111
0.00440104166667
0.00401909722222
0.00371961805556
0.00327256944444
0.0262760416667
0.0196440972222
0.0190625
0.0176822916667
0.017578125
0.0109201388889
0.0104340277778
0.00938368055556
0.00756944444444
0.00714409722222
0.0115321180556
0.0110850694444
0.0108810763889
0.00754774305556
0.00735677083333
0.0524652777778
0.0432855902778
0.0429513888889
0.0415147569444
0.0212152777778
0.0533984375
0.050625
0.0320399305556
0.0261371527778
0.0208854166667
0.0572526041667
0.0110720486111
0.0110112847222
0.0108203125
0.0101822916667
0.0469574652778
0.0462196180556
0.0339800347222
0.0309548611111
0.0242057291667
0.0225303819444
0.0221831597222
0.0213151041667
0.0208203125
0.0167578125
0.0100390625
0.00623697916667
0.00575086805556
0.00575086805556
0.00549479166667
0.0664105902778
0.0566536458333
0.0373828125
0.0233723958333
0.0180338541667
0.00852864583333
0.00560763888889
0.00466145833333
0.00463975694444
0.00432725694444
0.00404079861111
0.00370659722222
0.00369791666667
0.0036328125
0.00341145833333
0.00207899305556
0.00127170138889
0.00118923611111
0.00118055555556
0.00108940972222
0.00256944444444
0.00230034722222
0.00158854166667
0.00147135416667
0.00143229166667
0.00128038194444
0.00119357638889
0.00111979166667
0.00111111111111
0.00108072916667
0.00219618055556
0.00217013888889
0.00134548611111
0.00124565972222
0.00104600694444
0.00266059027778
0.00161024305556
0.000611979166667
0.000520833333333
0.0005078125
0.00407986111111
0.0034375
0.00334635416667
0.00314236111111
0.00298611111111
0.00193142361111
0.00163194444444
0.00108072916667
0.00103298611111
0.00100694444444
0.0103949652778
0.00973090277778
0.00677951388889
0.00615451388889
0.00497829861111
0.0119184027778
0.0116189236111
0.00898871527778
0.00866753472222
0.00844184027778
0.00129340277778
0.00109809027778
0.000837673611111
0.000802951388889
0.000750868055556
0.00296875
0.00266927083333
0.00213541666667
0.00194010416667
0.00170138888889
0.00449652777778
0.0044921875
0.004375
0.00430555555556
0.00368489583333
0.0171180555556
0.0169878472222
0.0157986111111
0.0150130208333
0.01140625
0.00319878472222
0.00309461805556
0.00168836805556
0.00119791666667
0.001171875
0.00322048611111
0.00268663194444
0.00176215277778
0.00167100694444
0.00153645833333
0.0030078125
0.00295572916667
0.00235243055556
0.00210503472222
0.0019140625
0.00493489583333
0.00427951388889
0.003828125
0.00294704861111
0.00266493055556
0.00484809027778
0.00294704861111
0.00255208333333
0.00240017361111
0.00240017361111
0.0099609375
0.0079296875
0.00659288194444
0.00490017361111
0.00473524305556
0.00345052083333
0.00298177083333
0.00292100694444
0.00253038194444
0.00202690972222
0.00543836805556
0.00508246527778
0.00476996527778
0.00374565972222
0.00359375
0.0122829861111
0.00753038194444
0.0071484375
0.00625868055556
0.00608506944444
0.00443576388889
0.00392795138889
0.00292534722222
0.00275607638889
0.00270399305556
0.00520399305556
0.003828125
0.00356770833333
0.00348958333333
0.00327690972222
0.0048828125
0.00215277777778
0.00162760416667
0.00129340277778
0.00117621527778
0.000646701388889
0.000486111111111
0.00046875
0.000438368055556
0.000412326388889
0.00720920138889
0.00595052083333
0.00381510416667
0.00334635416667
0.00319444444444
0.00256510416667
0.00206163194444
0.001875
0.00183159722222
0.00180121527778
0.0118229166667
0.00509548611111
0.00358940972222
0.00334635416667
0.00310329861111
0.00200520833333
0.001875
0.0018359375
0.00168402777778
0.00166666666667
0.00638454861111
0.00574652777778
0.00548611111111
0.00516059027778
0.00497829861111
0.0142361111111
0.00779513888889
0.00696180555556
0.00638454861111
0.00553819444444
0.0103732638889
0.0102734375
0.00960503472222
0.00917100694444
0.00908854166667
0.00532118055556
0.005078125
0.00506076388889
0.00477864583333
0.00471354166667
0.00825520833333
0.00666232638889
0.00550347222222
0.004921875
0.00481336805556
0.0337673611111
0.0171267361111
0.0165234375
0.0158723958333
0.0121744791667
0.0144053819444
0.0111675347222
0.0109895833333
0.00901475694444
0.00814670138889
0.00444010416667
0.00436197916667
0.00422309027778
0.00403645833333
0.00379340277778
0.0195052083333
0.0157204861111
0.0127994791667
0.0106380208333
0.0105295138889
0.0187413194444
0.0148003472222
0.0120920138889
0.0117838541667
0.0110373263889
0.00457465277778
0.00432291666667
0.00374565972222
0.00368923611111
0.00328125
0.006484375
0.00535590277778
0.00520399305556
0.00456597222222
0.00391059027778
0.00315538194444
0.00290364583333
0.00267361111111
0.00235677083333
0.00229600694444
0.00481336805556
0.00344618055556
0.003359375
0.00329861111111
0.00308159722222
0.00352430555556
0.00326822916667
0.0028515625
0.00263020833333
0.00221354166667
0.00179253472222
0.00145399305556
0.00141059027778
0.00130208333333
0.00126302083333
0.00522569444444
0.0050390625
0.00451822916667
0.00322482638889
0.00302951388889
0.00154947916667
0.00147569444444
0.00139756944444
0.00139322916667
0.00138020833333
0.018046875
0.0130121527778
0.0128472222222
0.0122135416667
0.00651041666667
0.00685763888889
0.00642361111111
0.00581597222222
0.00487413194444
0.00421440972222
0.0134548611111
0.0103559027778
0.00865017361111
0.0085546875
0.00763454861111
0.0167491319444
0.0136848958333
0.0136067708333
0.0100173611111
0.00857638888889
0.00878472222222
0.00766927083333
0.00672743055556
0.00663628472222
0.00639756944444
0.000399305555556
0.000390625
0.000360243055556
0.000290798611111
0.000264756944444
0.00616319444444
0.00407552083333
0.00305555555556
0.00261284722222
0.00250868055556
0.0342100694444
0.0271744791667
0.0263802083333
0.0241927083333
0.0236067708333
0.0219357638889
0.0202170138889
0.0198828125
0.0185546875
0.0185416666667
0.0443446180556
0.0394097222222
0.0232986111111
0.0208246527778
0.0199696180556
0.00631944444444
0.00446614583333
0.0044140625
0.004296875
0.00345052083333
0.00408854166667
0.00272135416667
0.00230902777778
0.00226996527778
0.00221354166667
0.0174565972222
0.0142013888889
0.0136588541667
0.0123177083333
0.0112152777778
0.00907118055556
0.00873697916667
0.00669270833333
0.00447916666667
0.00431423611111
0.0696180555556
0.0122526041667
0.0100607638889
0.00970486111111
0.00889322916667
0.0567274305556
0.0408289930556
0.0285807291667
0.0209375
0.0204991319444
0.0424001736111
0.0241189236111
0.0221050347222
0.0173871527778
0.0143793402778
0.0768532986111
0.0240798611111
0.0230338541667
0.0199175347222
0.0175607638889
0.0260026041667
0.0218836805556
0.0211979166667
0.0179470486111
0.016875
0.0069921875
0.00671006944444
0.00670572916667
0.00575520833333
0.00569444444444
0.0230425347222
0.0212196180556
0.0208116319444
0.0194140625
0.0157855902778
0.0221831597222
0.0114496527778
0.00650607638889
0.00423611111111
0.0041796875
0.0761414930556
0.0540104166667
0.0281987847222
0.02796875
0.0241232638889
0.0540104166667
0.0215104166667
0.0206206597222
0.0162847222222
0.0145529513889
0.0428776041667
0.0321223958333
0.0238020833333
0.0190190972222
0.0181510416667
0.0080859375
0.00719618055556
0.00439670138889
0.00427951388889
0.00395833333333
0.0144140625
0.0101909722222
0.00899739583333
0.00801215277778
0.00580729166667
0.00237847222222
0.0022265625
0.00208333333333
0.0020703125
0.00188802083333
0.0124305555556
0.0113802083333
0.0103255208333
0.00994791666667
0.00986979166667
0.0190017361111
0.0158550347222
0.0141840277778
0.0116666666667
0.00966145833333
0.0100130208333
0.006875
0.00632378472222
0.00595486111111
0.00537760416667
0.0168012152778
0.0148133680556
0.0147699652778
0.0125911458333
0.0124175347222
0.0183029513889
0.0159982638889
0.00972222222222
0.00966579861111
0.00939236111111
0.0256423611111
0.0126085069444
0.0121961805556
0.0121137152778
0.01140625
0.00569878472222
0.00453559027778
0.00427517361111
0.00386284722222
0.00350694444444
0.00515625
0.00461805555556
0.00442274305556
0.00400607638889
0.00329861111111
0.0030859375
0.00301215277778
0.00262152777778
0.00234375
0.00226128472222
0.00749131944444
0.0073828125
0.00522569444444
0.00519097222222
0.00476128472222
0.00604166666667
0.00588107638889
0.00546006944444
0.00459201388889
0.00435763888889
0.00911892361111
0.00875868055556
0.00634982638889
0.00609375
0.00552951388889
0.00115451388889
0.00104166666667
0.00102430555556
0.001015625
0.001015625
0.00147569444444
0.00125434027778
0.00107204861111
0.00105034722222
0.000989583333333
0.0101996527778
0.0101736111111
0.00687065972222
0.00659722222222
0.00435329861111
0.000798611111111
0.000620659722222
0.000594618055556
0.000533854166667
0.000533854166667
0.00419704861111
0.00315972222222
0.00253472222222
0.00236111111111
0.00234809027778
0.00294270833333
0.00169270833333
0.00163194444444
0.00129774305556
0.00127170138889
0.0008984375
0.000833333333333
0.000690104166667
0.000668402777778
0.000651041666667
0.00282552083333
0.00248697916667
0.00207899305556
0.00170572916667
0.00170138888889
0.893823784722
0.0114626736111
0.00835069444444
0.00621961805556
0.00516059027778
0.934131944444
0.0196050347222
0.0135416666667
0.00301215277778
0.00155815972222
0.456666666667
0.0255642361111
0.0212586805556
0.0126953125
0.0123177083333
0.390559895833
0.0232508680556
0.0144184027778
0.0138454861111
0.0108116319444
0.955082465278
0.00315538194444
0.00302951388889
0.0019140625
0.00137586805556
0.8393359375
0.0246614583333
0.0173003472222
0.0111588541667
0.00679253472222
0.835512152778
0.0322786458333
0.0186631944444
0.0111762152778
0.0059765625
0.801215277778
0.037890625
0.0208463541667
0.0125130208333
0.00773003472222
0.815225694444
0.0297873263889
0.0202083333333
0.0141319444444
0.00852864583333
0.807855902778
0.0313888888889
0.0225086805556
0.0152083333333
0.0100347222222
0.841796875
0.0275
0.0165147569444
0.010390625
0.00558159722222
0.807048611111
0.0349131944444
0.0223784722222
0.0147439236111
0.00816840277778
0.817769097222
0.0342317708333
0.021953125
0.0133289930556
0.00766059027778
0.7560546875
0.0446180555556
0.0291015625
0.0192795138889
0.0108203125
0.819110243056
0.0314149305556
0.0201085069444
0.0127560763889
0.00697482638889
0.853559027778
0.0262369791667
0.0170659722222
0.0109331597222
0.00587673611111
