1.0
1.0
1.0
1.0
1.0
0.00395724826389
0.00386827256944
0.00340386284722
0.00336154513889
0.00336046006944
0.00289822048611
0.00273003472222
0.00245768229167
0.00233832465278
0.00230143229167
0.00241644965278
0.00210286458333
0.00209309895833
0.002001953125
0.00183376736111
0.000855034722222
0.000824652777778
0.000730251736111
0.000725911458333
0.000703125
0.00206488715278
0.001796875
0.00165147569444
0.00150173611111
0.00133138020833
0.0132899305556
0.00254774305556
0.00249565972222
0.00203667534722
0.00167100694444
0.00157552083333
0.00157335069444
0.00145182291667
0.00142035590278
0.00140082465278
0.00544270833333
0.00527560763889
0.00148328993056
0.00134006076389
0.00111219618056
0.00843967013889
0.00824869791667
0.006669921875
0.00410481770833
0.00329318576389
0.000425347222222
0.000403645833333
0.000388454861111
0.000381944444444
0.000370008680556
0.000478515625
0.000469835069444
0.000465494791667
0.000447048611111
0.000440538194444
0.000348307291667
0.000313585069444
0.000285373263889
0.000281032986111
0.000265842013889
0.00334635416667
0.00305230034722
0.00256293402778
0.00245876736111
0.00199652777778
0.00361653645833
0.00273980034722
0.00235677083333
0.00234700520833
0.00226779513889
0.00623806423611
0.00590277777778
0.00462673611111
0.00458984375
0.00421440972222
0.00989583333333
0.00936957465278
0.00888671875
0.00746636284722
0.00739366319444
0.00749240451389
0.00689778645833
0.00673177083333
0.004931640625
0.00485243055556
0.0430815972222
0.0172710503472
0.00848090277778
0.00835503472222
0.00735243055556
0.0236414930556
0.00262803819444
0.00212782118056
0.0016015625
0.00131293402778
0.0387825520833
0.0336783854167
0.0268381076389
0.0268044704861
0.0210384114583
0.229867621528
0.0157118055556
0.0106814236111
0.0102940538194
0.00944010416667
0.0328982204861
0.0230598958333
0.0187239583333
0.0151399739583
0.0148947482639
0.1157421875
0.0170974392361
0.0101812065972
0.00843098958333
0.00594292534722
0.00664171006944
0.00594618055556
0.00486328125
0.00424262152778
0.00393337673611
0.000632595486111
0.000582682291667
0.000521918402778
0.000450303819444
0.00044921875
0.0130783420139
0.0121538628472
0.0109342447917
0.0107204861111
0.0103276909722
0.00322482638889
0.00168294270833
0.001640625
0.00130859375
0.00125759548611
0.00125434027778
0.00121961805556
0.00120334201389
0.00118272569444
0.00115559895833
0.000480685763889
0.000478515625
0.000469835069444
0.000456814236111
0.000456814236111
0.00109157986111
0.000992838541667
0.000987413194444
0.000983072916667
0.000978732638889
0.227973090278
0.165990668403
0.064775390625
0.0406640625
0.03384765625
0.0899045138889
0.0213563368056
0.0213411458333
0.0139084201389
0.00772894965278
0.00477756076389
0.00459418402778
0.00433485243056
0.00389539930556
0.00341579861111
0.00735677083333
0.00536566840278
0.00525824652778
0.00517252604167
0.00514865451389
0.00843858506944
0.00569444444444
0.00543294270833
0.00543185763889
0.00460828993056
0.026591796875
0.0253548177083
0.019755859375
0.0136371527778
0.0123404947917
0.00811414930556
0.00765407986111
0.00732855902778
0.00669921875
0.00660047743056
0.0140288628472
0.0134516059028
0.0127994791667
0.0106434461806
0.00963107638889
0.0516937934028
0.0274283854167
0.024130859375
0.0161610243056
0.0154535590278
0.0171419270833
0.0138661024306
0.0132834201389
0.00871636284722
0.00690755208333
0.0319021267361
0.0278374565972
0.0131184895833
0.0127115885417
0.0122026909722
0.0458550347222
0.0426258680556
0.0345855034722
0.0316015625
0.0301171875
0.100460069444
0.0798654513889
0.0440321180556
0.0424305555556
0.0345345052083
0.0200694444444
0.0174500868056
0.00829969618056
0.00799045138889
0.00785047743056
0.120993923611
0.0681130642361
0.0552680121528
0.0355750868056
0.0284700520833
0.00218207465278
0.00209092881944
0.00202582465278
0.00167751736111
0.00154947916667
0.00348524305556
0.00319769965278
0.00298936631944
0.00294813368056
0.00273328993056
0.0170746527778
0.0149978298611
0.01107421875
0.00673611111111
0.00590711805556
0.061396484375
0.0598459201389
0.0491351996528
0.038583984375
0.0310123697917
0.00639431423611
0.005986328125
0.00311197916667
0.00229383680556
0.00206922743056
0.00541015625
0.00288845486111
0.00233940972222
0.00230902777778
0.00202365451389
0.00159722222222
0.00153862847222
0.001416015625
0.00136393229167
0.00134440104167
0.000980902777778
0.000941840277778
0.000926649305556
0.000893012152778
0.000822482638889
0.00468424479167
0.00432183159722
0.00390625
0.00380533854167
0.00330837673611
0.00144639756944
0.00138780381944
0.00137152777778
0.00135850694444
0.00129991319444
0.00165798611111
0.00128472222222
0.00115234375
0.00115017361111
0.00111762152778
0.00978624131944
0.00838433159722
0.00666558159722
0.005361328125
0.00509114583333
0.000814887152778
0.000791015625
0.000777994791667
0.000777994791667
0.000766059027778
0.00444661458333
0.00425347222222
0.00400173611111
0.00394856770833
0.00390082465278
0.00161566840278
0.00157118055556
0.00154513888889
0.00150499131944
0.00148220486111
0.00100694444444
0.00083984375
0.000702039930556
0.00068359375
0.000661892361111
0.000725911458333
0.000539279513889
0.000512152777778
0.000422092013889
0.000402560763889
0.000139973958333
0.000138888888889
0.00013671875
0.000134548611111
0.000132378472222
0.000813802083333
0.000758463541667
0.000712890625
0.000679253472222
0.000652126736111
0.0313226996528
0.0204741753472
0.0140418836806
0.0129947916667
0.01251953125
0.00277560763889
0.00270073784722
0.00230034722222
0.00222873263889
0.0022265625
0.000483940972222
0.000481770833333
0.000480685763889
0.000462239583333
0.000458984375
0.004326171875
0.00332248263889
0.00292317708333
0.00275065104167
0.00273871527778
0.0030078125
0.00297526041667
0.00279405381944
0.00272135416667
0.00261827256944
0.00586805555556
0.00579969618056
0.00575954861111
0.00570203993056
0.00553927951389
0.00269748263889
0.00257921006944
0.00245876736111
0.00240451388889
0.00216579861111
0.00230251736111
0.00210286458333
0.00193467881944
0.0019140625
0.001767578125
0.00160481770833
0.00151801215278
0.00134223090278
0.00134114583333
0.00130750868056
0.0104427083333
0.00608615451389
0.00546549479167
0.00366319444444
0.00344184027778
0.135793185764
0.0908376736111
0.0860210503472
0.0766156684028
0.0623838975694
0.404924045139
0.0512955729167
0.0177875434028
0.0173611111111
0.0169618055556
0.0224717881944
0.0218478732639
0.020078125
0.0187662760417
0.0166655815972
0.0450054253472
0.0364594184028
0.0306803385417
0.0288585069444
0.0276779513889
0.000991753472222
0.000990668402778
0.00091796875
0.000883246527778
0.000877821180556
0.00135959201389
0.00133138020833
0.00120442708333
0.00119032118056
0.00115342881944
0.00557291666667
0.00555230034722
0.00440212673611
0.00365668402778
0.00312391493056
0.00372938368056
0.00371527777778
0.00368706597222
0.00332573784722
0.00320638020833
0.00488064236111
0.004765625
0.00424045138889
0.00399088541667
0.00385959201389
0.00209201388889
0.00196072048611
0.00193901909722
0.00188042534722
0.00184678819444
0.0152756076389
0.00703342013889
0.00583441840278
0.00559895833333
0.00527560763889
0.00185980902778
0.00180555555556
0.00173719618056
0.00173285590278
0.00163845486111
0.0150368923611
0.0142838541667
0.00922743055556
0.00786566840278
0.00663845486111
0.000725911458333
0.000720486111111
0.000719401041667
0.000693359375
0.000692274305556
0.00120659722222
0.00114149305556
0.00113172743056
0.00109375
0.00109049479167
0.00148763020833
0.00145724826389
0.00140082465278
0.00139539930556
0.00139322916667
0.00203016493056
0.00195746527778
0.00195421006944
0.00193793402778
0.00185438368056
0.0269943576389
0.0212738715278
0.0180251736111
0.00996527777778
0.0085546875
0.006396484375
0.00620008680556
0.00520833333333
0.00497612847222
0.00480143229167
0.00168511284722
0.00161566840278
0.001552734375
0.00127604166667
0.00125108506944
0.00773220486111
0.00689236111111
0.00684787326389
0.00662434895833
0.00624674479167
0.0175173611111
0.0121180555556
0.00650607638889
0.00545138888889
0.00533637152778
0.0158897569444
0.00540256076389
0.00471571180556
0.00360568576389
0.00342230902778
0.00595594618056
0.00397894965278
0.00319444444444
0.00318901909722
0.00263888888889
0.00798177083333
0.0047265625
0.00441080729167
0.00438259548611
0.0040625
0.00162434895833
0.00152777777778
0.00148003472222
0.00144097222222
0.00136610243056
0.0848643663194
0.007080078125
0.00606662326389
0.00478841145833
0.00475911458333
0.00602322048611
0.00596571180556
0.00446072048611
0.00416341145833
0.00374240451389
0.257557508681
0.118087022569
0.0687890625
0.0395670572917
0.0247102864583
0.00245334201389
0.00234700520833
0.00223741319444
0.00217230902778
0.00201171875
0.00183702256944
0.00176974826389
0.00150499131944
0.00150065104167
0.00149197048611
0.247176649306
0.180057508681
0.176378038194
0.100710720486
0.0230967881944
0.0184396701389
0.01810546875
0.0180230034722
0.0162033420139
0.015234375
0.0921950954861
0.0893381076389
0.0794813368056
0.0282476128472
0.02681640625
0.00520616319444
0.00493055555556
0.00469184027778
0.00365776909722
0.003154296875
0.0189518229167
0.00984266493056
0.00575737847222
0.00545464409722
0.00469509548611
0.000959201388889
0.00091796875
0.000901692708333
0.000851779513889
0.000845269097222
0.00473958333333
0.00271701388889
0.00268663194444
0.00248589409722
0.00242947048611
0.0273763020833
0.0253407118056
0.0240657552083
0.0237554253472
0.0215310329861
0.0110611979167
0.00360243055556
0.00358940972222
0.00357530381944
0.00352756076389
