1.0
1.0
1.0
1.0
1.0
0.372771434295
0.0529346955128
0.0499486678686
0.0475698617788
0.046868739984
0.0602902143429
0.0301106770833
0.0258413461538
0.0188363882212
0.0158378405449
0.0346429286859
0.0223169571314
0.0139598357372
0.00882662259615
0.00823192107372
0.0746945112179
0.0612041766827
0.0261105268429
0.0254907852564
0.0254156650641
0.0212527544071
0.0171649639423
0.0148111979167
0.0101537459936
0.00945888421474
0.00830704126603
0.00816306089744
0.00636017628205
0.00555889423077
0.00495793269231
0.00398763020833
0.00379982972756
0.00334910857372
0.00263546674679
0.00250400641026
0.00238506610577
0.00234124599359
0.00226612580128
0.00221604567308
0.0021722255609
0.00765599959936
0.00651667668269
0.00627253605769
0.00596579527244
0.00584059495192
0.012444911859
0.0103227664263
0.00952774439103
0.00714893830128
0.00611603565705
0.0078125
0.00458233173077
0.00431941105769
0.00426933092949
0.00413787059295
0.0252842047276
0.0201572516026
0.00980318509615
0.00934620392628
0.00790014022436
0.0104855268429
0.00408779046474
0.00401267027244
0.00289838741987
0.00274188701923
0.0339605869391
0.00609099559295
0.00495793269231
0.00485151241987
0.00326146834936
0.378424228766
0.0245705629006
0.0195500300481
0.0181665665064
0.0108611278045
0.334303635817
0.0332156450321
0.0128267728365
0.0118001302083
0.0114996494391
0.281306340144
0.273093199119
0.0282389322917
0.0157189002404
0.0138909755609
0.00132086338141
0.00118314302885
0.000863882211538
0.000726161858974
0.000713641826923
0.00282952724359
0.00281700721154
0.00253530649038
0.00235376602564
0.00203450520833
0.0423677884615
0.00699243790064
0.00496419270833
0.00379356971154
0.00284830729167
0.00105168269231
0.000838842147436
0.000676081730769
0.000663561698718
0.000651041666667
0.0106670673077
0.00758087940705
0.00387494991987
0.00336162860577
0.00276692708333
0.106733273237
0.0850673577724
0.0579927884615
0.0511067708333
0.0353002303686
0.226994441106
0.055413661859
0.0519894330929
0.0439140124199
0.0245830829327
0.0349434094551
0.0247020232372
0.0106169871795
0.00840720152244
0.0083258213141
0.0459798177083
0.0374098557692
0.0222668770032
0.0192307692308
0.0115059094551
0.0411721254006
0.0141789362981
0.0132649739583
0.0104229266827
0.00758713942308
0.273856921074
0.0612104366987
0.0386055188301
0.0233122996795
0.022698818109
0.0110927483974
0.00762469951923
0.00589693509615
0.00556515424679
0.00545247395833
0.0249524238782
0.0155373597756
0.0150428185096
0.0108047876603
0.00913962339744
0.0203888721955
0.0169020432692
0.0166266025641
0.0139034955929
0.0134652944712
0.0113431490385
0.0110489282853
0.00980944511218
0.00975310496795
0.00845728165064
0.0118001302083
0.00873898237179
0.00792518028846
0.00564653445513
0.00543369391026
0.0924541766827
0.082024989984
0.0783503605769
0.062255859375
0.0336538461538
0.00311748798077
0.00282326722756
0.00279822716346
0.00279822716346
0.00267302684295
0.0234500200321
0.0183794070513
0.0122821514423
0.0119190705128
0.0110927483974
0.0230055588942
0.0211025140224
0.0135404146635
0.0122758914263
0.0119441105769
0.0137532552083
0.0127391326122
0.0115747696314
0.00989708533654
0.00849484174679
0.00209084535256
0.00187800480769
0.00183418469551
0.00182166466346
0.00177158453526
0.0840344551282
0.0217660757212
0.0151930588942
0.0143103966346
0.0122508513622
0.0381610576923
0.0356820913462
0.0348495092147
0.0151805388622
0.0129018930288
0.0236127804487
0.0189803685897
0.00778119991987
0.00557141426282
0.00477639222756
0.0296912560096
0.0131272536058
0.0112868088942
0.00533979366987
0.00426307091346
0.0118001302083
0.00994090544872
0.00971554487179
0.00969050480769
0.00623497596154
0.00259790665064
0.00204076522436
0.00174654447115
0.00166516426282
0.00165264423077
0.00180914463141
0.00165264423077
0.00164012419872
0.00163386418269
0.00159004407051
0.0116874499199
0.0104542267628
0.00961538461538
0.00907076322115
0.00844476161859
0.00289212740385
0.00276692708333
0.00261668669872
0.00255408653846
0.00241010616987
0.00207206530449
0.00191556490385
0.00177158453526
0.00176532451923
0.00165890424679
0.271227714343
0.0616611578526
0.0553823617788
0.0352251101763
0.0271809895833
0.0387933193109
0.0197315705128
0.0154747596154
0.0132649739583
0.0128392928686
0.00277318709936
0.00247270633013
0.00207832532051
0.0017340244391
0.00170272435897
0.0272060296474
0.0048577724359
0.00397511017628
0.00383112980769
0.00306740785256
0.0276004106571
0.0112179487179
0.00885166266026
0.00501427283654
0.00381234975962
0.0017340244391
0.00155248397436
0.000945262419872
0.000913962339744
0.000895182291667
0.00497671274038
0.00470127203526
0.00468249198718
0.00462615184295
0.00410031049679
0.0252842047276
0.0233373397436
0.0207269130609
0.0101349659455
0.00850736177885
0.168663611779
0.0606032151442
0.0479830228365
0.0369966947115
0.0215970552885
0.0529972956731
0.0519017928686
0.033941806891
0.03369140625
0.0287710336538
0.327254857772
0.0584059495192
0.0231307592147
0.00989708533654
0.00877028245192
0.0552571614583
0.0544996995192
0.05126953125
0.0483523637821
0.0443897736378
0.219826722756
0.0261919070513
0.0237943209135
0.0142039763622
0.0132148938301
0.0324894831731
0.0315755208333
0.0297976762821
0.0274689503205
0.0223419971955
0.0391000600962
0.023187099359
0.0198880709135
0.0161007612179
0.015631260016
0.0356320112179
0.0288273737981
0.0236628605769
0.0136280548878
0.0134903345353
0.126308343349
0.0287084334936
0.0271559495192
0.0185922475962
0.0147172976763
0.0668820112179
0.0314565805288
0.0267991286058
0.0255533854167
0.0235564403045
0.0446652143429
0.0316819411058
0.0277882111378
0.0261731270032
0.0247082832532
0.0384427584135
0.0265737680288
0.0249273838141
0.0213967347756
0.0189741085737
0.0286646133814
0.0271872495994
0.0199131109776
0.0183794070513
0.0176532451923
0.0162948217147
0.0119315905449
0.0115685096154
0.0109112079327
0.0103165064103
0.032464443109
0.0286458333333
0.027594150641
0.0226362179487
0.0215720152244
0.0361954126603
0.0304424579327
0.0264986478365
0.0250025040064
0.0199694511218
0.0647786458333
0.0157126402244
0.00749323918269
0.00739933894231
0.00604091546474
0.0492663261218
0.0414851262019
0.024407802484
0.0214405548878
0.0204452123397
0.0131585536859
0.0103102463942
0.00753079927885
0.00702999799679
0.00687975761218
0.0224045973558
0.00888922275641
0.00501427283654
0.00440705128205
0.00401267027244
0.012701572516
0.0097405849359
0.00950896434295
0.00909580328526
0.00856370192308
0.0295597956731
0.0250964042468
0.00965294471154
0.00638521634615
0.00626627604167
0.0141851963141
0.0131335136218
0.00815680088141
0.00717397836538
0.00625375600962
0.0201635116186
0.00938376402244
0.0080316005609
0.00631635616987
0.00574669471154
0.154503455529
0.145733173077
0.036139072516
0.0265424679487
0.0185985076122
0.0226111778846
0.0115872896635
0.00830704126603
0.00771233974359
0.00764347956731
0.346548227163
0.0526592548077
0.0207081330128
0.00989708533654
0.00954026442308
0.0999161157853
0.0539675981571
0.0443209134615
0.0166391225962
0.0156124799679
0.00307992788462
0.0027105869391
0.00253530649038
0.00251652644231
0.00245392628205
0.00411909054487
0.00411283052885
0.00389998998397
0.00386242988782
0.00299854767628
0.00304862780449
0.00256660657051
0.00185296474359
0.00177784455128
0.00159630408654
0.00150866386218
0.00115184294872
0.00110802283654
0.00101412259615
0.00100786258013
0.00263546674679
0.00231620592949
0.00157752403846
0.0012457431891
0.000964042467949
0.00289838741987
0.00256034655449
0.00157752403846
0.00148362379808
0.00109550280449
0.00544621394231
0.00415665064103
0.00333658854167
0.00330528846154
0.00329276842949
0.0277318709936
0.0266739282853
0.0250838842147
0.0220790765224
0.0201948116987
0.00179662459936
0.00106420272436
0.00104542267628
0.000932742387821
0.000863882211538
0.00554637419872
0.00440079126603
0.00433819110577
0.00388746995192
0.00302984775641
0.0273625300481
0.0196251502404
0.0192620693109
0.016107021234
0.0103665865385
0.00700495793269
0.00636017628205
0.00555889423077
0.00493289262821
0.00470127203526
0.00395007011218
0.00345552884615
0.00288586738782
0.00282326722756
0.00257912660256
0.00647911658654
0.00418795072115
0.00394381009615
0.0039312900641
0.00383738982372
0.01171875
0.00913962339744
0.0087640224359
0.00746819911859
0.00654797676282
0.00316130809295
0.00274814703526
0.00267302684295
0.00254782652244
0.00237254607372
0.00525841346154
0.00487655248397
0.00458859174679
0.00457607171474
0.00437575120192
0.0155999599359
0.00496419270833
0.0048577724359
0.00338040865385
0.00307366786859
0.0582682291667
0.0427684294872
0.0207769931891
0.0172964242788
0.0164075020032
0.00691731770833
0.00482021233974
0.00435071113782
0.00382486979167
0.00297976762821
0.0252466446314
0.0101913060897
0.00537109375
0.00408779046474
0.00401267027244
0.0303235176282
0.0125200320513
0.0112429887821
0.00939628405449
0.00825070112179
0.0150553385417
0.0127892127404
0.0105919471154
0.0097405849359
0.00861378205128
0.00744315905449
0.00723657852564
0.00595953525641
0.00555263421474
0.00424429086538
0.015130458734
0.0145357572115
0.0124136117788
0.0111052684295
0.00858874198718
0.0193434495192
0.0104855268429
0.00798778044872
0.00508939302885
0.00484525240385
0.00458859174679
0.00361828926282
0.00328024839744
0.00308618790064
0.00287960737179
0.0251026642628
0.00914588341346
0.00831956129808
0.00498923277244
0.00473257211538
0.0505245893429
0.00972806490385
0.00688601762821
0.00663561698718
0.00473257211538
0.00229116586538
0.00164638421474
0.00163386418269
0.00142728365385
0.00140850360577
0.0115434695513
0.00688601762821
0.00684219751603
0.00576547475962
0.00502679286859
0.00508939302885
0.00381860977564
0.00380608974359
0.00272936698718
0.00249774639423
0.00177158453526
0.000926482371795
0.000838842147436
0.000738681891026
0.000713641826923
0.021728515625
0.0159693008814
0.0151241987179
0.0144543770032
0.0141476362179
0.0227927183494
0.0196814903846
0.0171461838942
0.0163762019231
0.0102351262019
0.0248585236378
0.0240322015224
0.0195437700321
0.0127266125801
0.011224208734
0.0294971955128
0.00967798477564
0.00962790464744
0.00948392427885
0.00850736177885
0.0256973657853
0.0174529246795
0.0113869691506
0.0113055889423
0.00761217948718
0.00263546674679
0.00170272435897
0.00133964342949
0.00116436298077
0.000888922275641
0.0463616786859
0.0381798377404
0.00713641826923
0.00604091546474
0.00571539463141
0.009521484375
0.00917092347756
0.00765599959936
0.00711763822115
0.00709259815705
0.0230806790865
0.0139598357372
0.0133213141026
0.0132524539263
0.0115747696314
0.0078125
0.00570913461538
0.00451973157051
0.00410657051282
0.00340544871795
0.00867638221154
0.00820062099359
0.00733673878205
0.00658553685897
0.00646033653846
0.0415164262821
0.033929286859
0.0192307692308
0.0192245092147
0.0160006009615
0.00835712139423
0.00669195713141
0.00647911658654
0.00501427283654
0.00499549278846
0.00537109375
0.00525841346154
0.00397511017628
0.00384990985577
0.0033929286859
0.0151054186699
0.00820688100962
0.0063726963141
0.00343674879808
0.00277318709936
0.0480831830929
0.00778119991987
0.00703625801282
0.00445713141026
0.00433193108974
0.00726161858974
0.007080078125
0.00577799479167
0.00577173477564
0.00543995392628
0.00742437900641
0.00689853766026
0.00613481570513
0.00494541266026
0.0044195713141
0.0140662560096
0.0125826322115
0.0105105669071
0.00840720152244
0.00769981971154
0.0135842347756
0.0129770132212
0.0113932291667
0.0107108874199
0.00870768229167
0.0131209935897
0.00888296274038
0.00731169871795
0.00706129807692
0.0068359375
0.119209485176
0.0882161458333
0.0380546374199
0.0287835536859
0.0263358874199
0.0356883513622
0.0323204627404
0.0308806590545
0.0307053786058
0.0249273838141
0.0357759915865
0.0293594751603
0.0279196714744
0.0246957632212
0.0193121494391
0.0459234775641
0.0384552784455
0.0351875500801
0.0278633313301
0.0264485677083
0.0384114583333
0.0360952524038
0.0354316907051
0.033929286859
0.0318008814103
0.140675080128
0.046637119391
0.0379544771635
0.037359775641
0.0238005809295
0.0936999198718
0.0554449619391
0.0469501201923
0.0346241486378
0.0315191806891
0.0133526141827
0.00397511017628
0.00347430889423
0.00334910857372
0.00276066706731
0.002197265625
0.00172150440705
0.00164638421474
0.00150240384615
0.00144606370192
0.0138095953526
0.0107046274038
0.00978440504808
0.00788762019231
0.00657301682692
0.126909304888
0.0224045973558
0.02167217