1.0
1.0
1.0
1.0
1.0
0.999987586275
1.24137246139e-05
0.176347411804
0.0284104421638
0.0188590611043
0.00677658693135
0.00432193622743
0.175447743446
0.0249862142321
0.0222212204129
0.00663088900562
0.00352876455999
0.165453388424
0.0318751780389
0.0255761928283
0.00757367872235
0.00426705449756
0.128067823364
0.0335987256985
0.022103616706
0.00786964805131
0.00433434995204
0.0457687492976
0.0175353660481
0.0156916012659
0.0103347524181
0.00500795785083
0.13815430129
0.0513784461153
0.0216260149853
0.0215260518345
0.00754754456527
0.00343729501021
0.00315569946765
0.00189276632666
0.00171701412029
0.00149814055472
0.00248078486101
0.00218742894776
0.00215018777392
0.00211425330793
0.00199664960106
0.0291010372647
0.0280092828526
0.0134486372344
0.00957686186269
0.00479888459418
0.0604156376342
0.0380918406548
0.0242034962275
0.00879610391986
0.00562929743546
0.231057962947
0.136827339464
0.0523937581179
0.0487166822165
0.0331688188145
0.00356469902598
0.00338110657248
0.00330858428658
0.00323410193889
0.0031328320802
0.00673934575751
0.00536207567929
0.00520853750644
0.00508048013673
0.00505434597965
0.00429449536249
0.00395671138221
0.00324651566351
0.00256572087152
0.00254220013015
0.036639434875
0.0112461811463
0.0108620090372
0.0104595430181
0.00800619902206
0.0112442210845
0.0050046910812
0.00123222550641
0.00121654501217
0.000903588481109
0.17086642571
0.0772218606997
0.0611134196283
0.0480208602842
0.0235507956544
0.0657613794653
0.0428672045076
0.0288109481211
0.0112207003431
0.00988197814662
0.0559558437282
0.0301810313061
0.0299216497971
0.0117963051529
0.0105621195847
0.0202030101322
0.0179130046179
0.0178927506462
0.0157660836136
0.0081956716609
0.0381558693397
0.0311127140061
0.0133401804825
0.00961932986794
0.00819893843054
0.0415350158504
0.0326017076058
0.0257388779561
0.0228190392561
0.0158013647257
0.0330642821862
0.0265313962696
0.00187316570885
0.00149552713902
0.00139425728032
0.00611931288074
0.00560839010979
0.00504977250216
0.00448592806312
0.00421086605983
0.421631503158
0.278652183117
0.100067034113
0.0588175339287
0.0449383364564
0.0651459200661
0.0567934434627
0.0422615454172
0.0350478647087
0.0312878128585
0.0065773139836
0.00577238194548
0.00552149403749
0.00547053243118
0.00495438282881
0.0117976118607
0.00901759090113
0.00851254831552
0.00845243975423
0.00794021027543
0.0399499792233
0.0354921453791
0.0325389856288
0.031775868242
0.0272069642302
0.0309101742887
0.0183696990129
0.0154204593862
0.0144332416024
0.0130605450017
0.0162319249636
0.0143718263333
0.00979508207432
0.00941352338092
0.00850340136054
0.195000013067
0.118422359339
0.0922679482857
0.0690196554995
0.0669158558544
0.28291858426
0.17752802235
0.115744261592
0.0668008655633
0.0664663483526
0.170039279638
0.111690853829
0.0578884646444
0.0564262585557
0.0341253289637
0.209508390371
0.148072867257
0.107591057937
0.0427587477557
0.0314361242
0.209799786223
0.20151395172
0.114562344338
0.0776190998874
0.0465482005326
0.218680172799
0.161377113273
0.10883112369
0.0798836245985
0.0654405826872
0.0700121001147
0.0635419361752
0.0454629796598
0.028713598386
0.0267365494027
0.0165533750957
0.0157660836136
0.0136550970753
0.0114598278804
0.0114049461506
0.0864217373465
0.0290219814395
0.0185363042643
0.017733332288
0.017643169446
0.11825444738
0.115863825361
0.0877944339472
0.0695952603093
0.0301209227448
0.0418597327521
0.0350080101191
0.0216475756649
0.0156020917779
0.0118642539613
0.0502363834508
0.0155583170648
0.0148252539587
0.013407475937
0.0125594225397
0.00867196667372
0.00665767651663
0.00646820387779
0.00545223852122
0.00395736473614
0.121860961057
0.0422223441816
0.042021764526
0.0243341670129
0.0137962215236
0.12061697518
0.0443699185398
0.0181847998516
0.0101367861782
0.0048792471272
0.204931646112
0.0727744805183
0.0630512673759
0.0219749059824
0.0128841394414
0.0257826526692
0.024673911055
0.0186656683419
0.0163227411595
0.0125803298653
0.0993437713157
0.0615021652149
0.0509073779339
0.0388418909631
0.0303215024004
0.0253592793245
0.0162926868788
0.0155001685653
0.0102622301322
0.0101531200263
0.019049840451
0.0170224832153
0.0148572683011
0.0141536061217
0.0124300584621
0.0547817667213
0.0395246458168
0.0278688117583
0.0234318852397
0.0173994684312
0.131256190528
0.0555409639845
0.0311395015171
0.0281647810872
0.0243831685575
0.128992972525
0.0333321572963
0.0196777135749
0.0157569366586
0.0137818477372
0.14835119603
0.0690418695331
0.0362252084852
0.0210458366981
0.0139935344095
0.102751665399
0.0407353106437
0.0315681016932
0.0211843477306
0.0189217830813
0.00381036010255
0.00339286694317
0.00288455758792
0.00251867938877
0.00183200441145
0.00662370211242
0.00608664518439
0.00585797130992
0.00538298300496
0.00505369262572
0.00516084266976
0.00497659686233
0.00366727559253
0.00324194218602
0.00265000352811
0.113719517773
0.107769423559
0.0571769622178
0.0252246884155
0.0230934479055
0.0323174986476
0.0195196019245
0.0151362504279
0.0127358281
0.0097872418272
0.0456511455908
0.0447227296604
0.0354829984241
0.0316406239791
0.0305521363367
0.0905666146597
0.0486023452793
0.0289690597714
0.0172080357306
0.0171407402761
0.0237481085404
0.0209556738562
0.0119217491069
0.00993489981471
0.00856220321398
0.101290112664
0.098078224759
0.0448632007548
0.0302725008559
0.0249208788394
0.172445582151
0.0449585904281
0.0181194644589
0.00630551874995
0.00627219769967
0.501491607015
0.124548859113
0.0262537208506
0.0168042630037
0.00877977007169
0.0102073484023
0.00661390180352
0.00407562179693
0.00388614915809
0.00372673079989
0.0816600939262
0.0677920034706
0.0384355048204
0.036101724593
0.0266222124655
0.00985715069739
0.00746783538617
0.00736656552748
0.00724177492741
0.00576976852977
0.0456237047258
0.0424987128928
0.0211980681631
0.0190335066028
0.0184147804339
0.149088179259
0.122247093228
0.0829903225216
0.05918210542
0.0402145875638
0.00687066989685
0.00604025705557
0.00587626521988
0.00575996822086
0.00572011363131
0.0214476493632
0.0142470357332
0.0140738969426
0.00945337797047
0.00696148609271
0.0110096670247
0.0094853923129
0.00940698984165
0.00840605162541
0.00812053595929
0.012045886353
0.0115617510931
0.00754558450349
0.00745607501548
0.00726398896093
0.0747887706754
0.0340795941888
0.0318934719489
0.0262217065082
0.0134479838805
0.0237762027592
0.0090966467263
0.00698043335659
0.00478843093134
0.0033961337128
0.114331057048
0.0798849313064
0.0317471206692
0.031157795427
0.0225955922131
0.141950287606
0.0953602724225
0.0338470001908
0.0219507318871
0.0121327824253
0.00526864606772
0.00414161054356
0.00334190533686
0.0033334117358
0.00330531751694
0.0104824104056
0.00819763172269
0.00706732942889
0.00626043732898
0.00589521248376
0.013147441074
0.00778471204079
0.00739465974634
0.00602457656132
0.00554174800923
0.00610951257184
0.00607096469014
0.00598668203355
0.0058814920513
0.00575082126589
0.00661128838781
0.00619379522843
0.00614152691426
0.0054855595715
0.00494000904242
0.0102609234243
0.00847269372597
0.00595662775291
0.00469434796585
0.00446959421494
0.00529347351695
0.00486814011044
0.00473877603289
0.00465384002237
0.00445718049033
0.00337522638714
0.00328441019128
0.00282248896485
0.00276368711142
0.00267091085378
0.0995887790383
0.0426855721159
0.0107783797345
0.00996430074143
0.00964611737895
0.0912363024349
0.0430932649664
0.0160150114598
0.0139870008703
0.0109456383399
0.11511834853
0.0503298130624
0.029285936426
0.0116793547999
0.0102759505646
0.0897094143074
0.0514836360975
0.0335699781257
0.0299412504149
0.0260936491385
0.00921947726459
0.00771088304703
0.00711306420378
0.00270423190406
0.00211752007757
0.0164801994559
0.00541369063953
0.00477667056066
0.00342814805523
0.00332622484261
0.0821239752144
0.0778294798519
0.0337712111352
0.0170231365693
0.0155792243905
0.0503539871577
0.0482416939115
0.037911514971
0.0263543373554
0.0258172804273
0.0176555831706
0.0172152226238
0.0138935712587
0.0114768150825
0.0107267647743
0.0292212543873
0.0238369646745
0.022748477032
0.0180933303018
0.0155707307894
0.0913101314287
0.0825277479413
0.0589096568324
0.0570279975225
0.0186663216958
0.0211052919055
0.0183461782715
0.0170584176813
0.0101890544923
0.0100551169373
0.00403903397702
0.00393972418011
0.00364440820508
0.00356208561027
0.00345689562802
0.00540911716204
0.0039926458482
0.00331903794941
0.00257290776472
0.00245726411963
0.00308971072102
0.00300869483406
0.00266241725273
0.00167585282288
0.00160594395269
0.00138445697142
0.0012609730792
0.00111200838384
0.00111070167598
0.00104863305291
0.00367054236216
0.00365747528362
0.00357580604274
0.00342684134737
0.00326284951168
0.165925109959
0.133137849838
0.128929597194
0.0823742097684
0.0476634756861
0.147707642412
0.0314367775539
0.0158274988828
0.0139281990168
0.00775857788371
0.0342965076926
0.027083480338
0.0147017700665
0.0123039611542
0.0109946398844
0.0180515156504
0.0134505972962
0.012780256167
0.0110750024174
0.0110273075807
0.00638522792905
0.005946827444
0.00592657347226
0.00548817298721
0.00481587179628
0.0542355628383
0.0362284752549
0.0308690129913
0.0241322806495
0.0213712069538
0.153741365928
0.131241163388
0.10539382868
0.0916126342969
0.0623489119044
0.0438838232181
0.0417558494777
0.034364456501
0.0326905637399
0.0250162685128
0.0986113615634
0.0681977362593
0.0561479297827
0.024476598169
0.0169911222268
0.111922794473
0.0478562150946
0.0296341740692
0.0149729119462
0.014294077216
0.0229092020981
0.0192471533369
0.0113677049767
0.00866869990409
0.00667727713444
0.0145946200224
0.013282031983
0.0113977592574
0.0100420498587
0.0091110205127
0.0133545542689
0.0115617510931
0.0109704657891
0.0103027380756
0.00939065599348
0.0130912526363
0.0103948609794
0.00964350396324
0.00932401389292
0.00885163900366
0.0206022093816
0.0158216186974
0.0136524836596
0.0124418188328
0.0118773210398
0.0145541120789
0.0141170183018
0.0137537535183
0.0118975750116
0.0112546747473
0.0428005624071
0.0348093905253
0.0309715895578
0.0299503973699
0.0241518812673
0.0715670824611
0.03709612927
0.0357495668263
0.0292304013423
0.0246693375775
0.0544087016289
0.0501442605471
0.0302901414119
0.0250280288835
0.0233613230156
0.0570822258984
0.0382525657209
0.029197080292
0.0273435152009
0.0242061096432
0.089569596567
0.0585862466385
0.0540643841094
0.0247693007284
0.0227759178969
0.0133996356899
0.00669230427476
0.00532810127509
0.00411155626292
0.00356469902598
0.0890260060997
0.0424314174383
0.0188871553231
0.0122242519751
0.0112651284102
0.0656359355114
0.037902368016
0.0152290266856
0.0125097676412
0.0114970690543
0.0203049333448
0.0176425160921
0.0173739876281
0.013684498002
0.00968009178316
0.0795458406182
0.0518776085156
0.0416402058326
0.0344010443209
0.0171962753599
0.0344689931293
0.0268711403117
0.0266293993587
0.024843783076
0.0177561996754
0.0369242971872
0.0305194686403
0.0268985811766
0.0261354637898
0.0220996965824
0.0931715367668
0.0513882464242
0.027056692827
0.0176052749183
0.0156432530753
0.182690825081
0.0343945107816
0.0198077310063
0.00731233715153
0.00634864010914
0.0757511610099
0.06500348891
0.0390627245904
0.0288697499745
0.0268495796321
0.129791371024
0.0949800204369
0.0585418185715
0.0303084353219
0.0139321191404
0.0173373998082
0.013013503519
0.0119518033875
0.00694580559846
0.00679292077953
0.0583373187923
0.0528328119569
0.0459699823072
0.0269802504175
0.0152153062531
0.198419667521
0.128883209065
0.0275454015644
0.0258081334724
0.0255565922105
0.0696815030276
0.0522617806247
0.0463254068435
0.0409215165129
0.0340325527061
0.0188512208571
0.0173818278752
0.0123575361762
0.0117780112429
0.00970883935595
0.00309689761421
0.0029348658403
0.00273167276899
0.00265784377524
0.00252325286626
0.00935602823534
0.0085916041407
0.00726464231486
0.00653223256264
0.00587103838846
0.142913331295
0.0392175694711
0.0368864026594
0.0364447354047
0.0351759220784
0.0074201405495
0.00651132523697
0.00623103640227
0.00550842695895
0.00537579611176
0.0235756231036
0.0212588300783
0.018288683126
0.0145416983543
0.0119420030786
0.0287194785713
0.0196195650754
0.0168905057221
0.00798725175818
0.00673999911144
0.0224015460967
0.0160979874086
0.0148324408519
0.0143783598726
0.0135152793349
0.14410700892
0.134928692952
0.0496091636808
0.0179704997635
0.0158000580178
0.0362951173554
0.0257297310011
0.0193072618982
0.0173609205495
0.0120471930609
0.0121216754085
0.0116976487099
0.0115062160093
0.00903392474931
0.00756061164381
0.312870941692
0.287916741802
0.051810966415
0.0125065008716
0.0118740542702
0.00963174359256
0.00932009376936
0.00608337841475
0.00564693799149
0.004997504188
0.0917328514195
0.071353435727
0.0544675034824
0.0374495937445
0.0325298386738
0.00444346005786
0.0042102127059
0.00399395255605
0.00397435193824
0.00387242872562
0.00482175198162
0.00457413084327
0.00435395056986
0.00359017982913
0.00317530008546
0.00881374447589
0.00796634443251
0.00630159862639
0.00594878750578
0.00587953198951
0.0637183417355
0.0578825844591
0.0576904984045
0.0526537929809
0.0421707292214
0.0306579796729
0.0258042133488
0.0229621237661
0.0183729657825
0.0156341061204
0.00862753860668
0.00817411098131
0.00758347903126
0.00713005140589
0.00709803706346
0.00441209906936
0.00365355516006
0.00317595343939
0.00290285149788
0.00258270807363
0.00293747925601
0.00287737069472
0.0024951586474
0.00248013150708
0.00231352625568
0.00169153331713
0.00168957325535
0.00166997263754
0.00153734179035
0.00138968380283
0.00393384399476
0.00223120366087
0.00158961010451
0.00143868534736
0.00102511231154
0.063668686837
0.0584104944321
0.0502572907765
0.0299412504149
0.025122111849
0.977517438016
0.00685041592511
0.00244746381073
0.00104993976077
0.000532483450545
0.981503550325
0.00464142629776
0.00188100595597
0.000849360105164
0.00046714805784
0.984101938893
0.00354444505424
0.00158372991917
0.000797745144927
0.000469761473548
0.91457920087
0.0166572583701
0.00715553220904
0.00424484046404
0.00305442960895
0.8682910352
0.0243047660862
0.0101165322064
0.0060748848137
0.00512033472628
0.874619421337
0.0233299620271
0.0111044033441
0.00634210656987
0.00471852206115
0.780411665242
0.0304939878372
0.019390237847
0.0123183349406
0.00790427580944
0.788304834035
0.0322201489124
0.0185598250057
0.0119367762472
0.00780627272038
0.83561876537
0.0343219884957
0.0126339048873
0.00774485745124
0.00591285303979
0.863398720994
0.0331381111799
0.0110808826028
0.00625717055935
0.00460026500035
0.868699381405
0.0218409684273
0.0104281820296
0.00643684288929
0.00490995476177
0.881827875215
0.0223237969794
0.0101080386054
0.00595205427542
0.00475380317321
0.884890145071
0.0202755324181
0.00976045431619
0.00557637576736
0.0042971087782
0.84550466364
0.026599345078
0.0118034920461
0.00705034222679
0.00663088900562
