1.0
1.0
1.0
1.0
1.0
0.00381184895833
0.00376953125
0.00346571180556
0.00334201388889
0.00329969618056
0.0009375
0.000872395833333
0.000860460069444
0.000845269097222
0.000843098958333
0.00311306423611
0.0030078125
0.00296006944444
0.0027734375
0.00273871527778
0.00429470486111
0.00405164930556
0.00401150173611
0.00399739583333
0.00381944444444
0.00138129340278
0.00124457465278
0.00106119791667
0.000910373263889
0.000881076388889
0.00627387152778
0.00612630208333
0.00612196180556
0.00597764756944
0.00517686631944
0.00462565104167
0.004560546875
0.00403862847222
0.00392686631944
0.00307508680556
0.0140614149306
0.00712999131944
0.00704969618056
0.00704210069444
0.00683919270833
0.000349392361111
0.000348307291667
0.000346137152778
0.000341796875
0.000340711805556
0.00362521701389
0.00361545138889
0.00359700520833
0.00346896701389
0.00328450520833
0.000920138888889
0.000868055555556
0.000849609375
0.000832248263889
0.000808376736111
0.00712456597222
0.00524956597222
0.00512261284722
0.00509874131944
0.00503689236111
0.00153754340278
0.00152777777778
0.00150824652778
0.00150607638889
0.00144856770833
0.00112521701389
0.00104600694444
0.001025390625
0.000975477430556
0.000856119791667
0.0613031684028
0.0367751736111
0.0167610677083
0.0149229600694
0.0109765625
0.000705295138889
0.000669487847222
0.000666232638889
0.000666232638889
0.000651041666667
0.00206380208333
0.00183810763889
0.00182725694444
0.00182183159722
0.00172417534722
0.00151475694444
0.00146050347222
0.00145290798611
0.00144314236111
0.00138346354167
0.0172775607639
0.0162782118056
0.0119585503472
0.0114659288194
0.011279296875
0.00890407986111
0.00227973090278
0.00223958333333
0.00212673611111
0.00200954861111
0.0158376736111
0.0153114149306
0.00941623263889
0.009365234375
0.00921875
0.453675130208
0.112807074653
0.0701378038194
0.0569867621528
0.0443153211806
0.0868250868056
0.08498046875
0.0366037326389
0.0353841145833
0.028037109375
0.0296082899306
0.0227224392361
0.0184375
0.0113433159722
0.0110026041667
0.237671440972
0.0680121527778
0.05638671875
0.0531868489583
0.0401247829861
0.0310438368056
0.0299761284722
0.0240972222222
0.0227734375
0.0187326388889
0.0439040798611
0.042177734375
0.0338747829861
0.0223611111111
0.0191547309028
0.0549880642361
0.0398198784722
0.037177734375
0.0223914930556
0.0173600260417
0.249275173611
0.136985677083
0.0582150607639
0.0571158854167
0.0266644965278
0.00313693576389
0.00309787326389
0.00306857638889
0.00304361979167
0.00303168402778
0.007998046875
0.00782877604167
0.00755425347222
0.00695963541667
0.00680772569444
0.0125021701389
0.00959309895833
0.00929796006944
0.00688259548611
0.00685655381944
0.0496885850694
0.0465071614583
0.0441959635417
0.0365201822917
0.0338932291667
0.0443684895833
0.0395225694444
0.0319411892361
0.0313932291667
0.0289800347222
0.00177734375
0.00166449652778
0.00159722222222
0.00159071180556
0.00152777777778
0.0173893229167
0.0155088975694
0.0153298611111
0.0150173611111
0.01421875
0.00763888888889
0.007158203125
0.00687391493056
0.00681098090278
0.006220703125
0.0106868489583
0.0102039930556
0.00951931423611
0.00930989583333
0.008046875
0.00224934895833
0.00223198784722
0.00202039930556
0.00200412326389
0.0017578125
0.00135850694444
0.00132595486111
0.001279296875
0.00127495659722
0.00123372395833
0.0140353732639
0.00424913194444
0.001376953125
0.00132052951389
0.00125651041667
0.00984049479167
0.00493055555556
0.00356770833333
0.0028515625
0.00283203125
0.00185329861111
0.00163411458333
0.00157009548611
0.00141384548611
0.00126410590278
0.000904947916667
0.000758463541667
0.000708550347222
0.000648871527778
0.000622829861111
0.0117936197917
0.0116720920139
0.00724826388889
0.00611111111111
0.00595703125
0.000949435763889
0.000920138888889
0.000864800347222
0.000856119791667
0.000821397569444
0.00233615451389
0.001826171875
0.00173502604167
0.00162326388889
0.00162326388889
0.00358072916667
0.00244357638889
0.00181857638889
0.000550130208333
0.000543619791667
0.0115559895833
0.00166124131944
0.00106987847222
0.001015625
0.001005859375
0.00293728298611
0.00249674479167
0.00204752604167
0.00171875
0.00147894965278
0.0254600694444
0.0236783854167
0.0181325954861
0.0172840711806
0.0156467013889
0.00455946180556
0.00397786458333
0.003671875
0.00350911458333
0.00346788194444
0.00585828993056
0.00564561631944
0.00536566840278
0.00358615451389
0.00357204861111
0.0352690972222
0.0327463107639
0.0280837673611
0.02552734375
0.0244010416667
0.0115473090278
0.008662109375
0.00857747395833
0.00629557291667
0.00626627604167
0.00223958333333
0.00217230902778
0.00163519965278
0.001513671875
0.00146484375
0.00670464409722
0.00632052951389
0.00554796006944
0.00474717881944
0.00453884548611
0.0102897135417
0.0102864583333
0.00896592881944
0.00895941840278
0.00834418402778
0.00720052083333
0.00685438368056
0.00668728298611
0.00602864583333
0.00563910590278
0.00337999131944
0.00305447048611
0.003017578125
0.00263020833333
0.00258680555556
0.0404253472222
0.0331423611111
0.0290060763889
0.0279654947917
0.0205794270833
0.00228624131944
0.00228298611111
0.001982421875
0.00196397569444
0.00191948784722
0.00627170138889
0.00601888020833
0.00579535590278
0.00570529513889
0.00550672743056
0.0133854166667
0.0118728298611
0.0104513888889
0.0100184461806
0.00966145833333
0.0740983072917
0.0616710069444
0.0611273871528
0.0497189670139
0.0456716579861
0.0667133246528
0.0665407986111
0.0431803385417
0.0353862847222
0.0254904513889
0.116141493056
0.0571440972222
0.0460069444444
0.0452669270833
0.0443934461806
0.137027994792
0.1134375
0.09267578125
0.07404296875
0.072431640625
0.0718283420139
0.0549251302083
0.051689453125
0.0515158420139
0.0509331597222
0.0316145833333
0.0298741319444
0.0293760850694
0.0284776475694
0.0272178819444
0.00638237847222
0.00612738715278
0.00579210069444
0.00571180555556
0.00546657986111
0.00588758680556
0.00553059895833
0.00517469618056
0.00514756944444
0.00411024305556
0.0143402777778
0.0131759982639
0.01296875
0.00846354166667
0.00824761284722
0.0290950520833
0.02900390625
0.0229915364583
0.0192719184028
0.0173904079861
0.00251410590278
0.00237196180556
0.00235134548611
0.00203450520833
0.00197808159722
0.000921223958333
0.000802951388889
0.000792100694444
0.000783420138889
0.000777994791667
0.00458875868056
0.00431423611111
0.00356336805556
0.00328342013889
0.00324978298611
0.00303276909722
0.00289822048611
0.00288519965278
0.00278211805556
0.00262803819444
0.00642686631944
0.00629340277778
0.00593967013889
0.00586154513889
0.00518012152778
0.000760633680556
0.000744357638889
0.000737847222222
0.000728081597222
0.000724826388889
0.00557074652778
0.00513129340278
0.00483181423611
0.00452582465278
0.00388888888889
0.00324435763889
0.00322808159722
0.00292534722222
0.00289822048611
0.00288953993056
0.0819379340278
0.00639431423611
0.00589301215278
0.00583333333333
0.00544162326389
0.00244032118056
0.00117947048611
0.001123046875
0.000923394097222
0.000842013888889
0.000980902777778
0.000882161458333
0.000695529513889
0.000617404513889
0.000595703125
0.00220920138889
0.00213433159722
0.00210720486111
0.00208116319444
0.00202582465278
0.00649088541667
0.0007421875
0.000645616319444
0.000626085069444
0.000622829861111
0.000692274305556
0.000687934027778
0.000684678819444
0.000668402777778
0.000665147569444
0.00231011284722
0.00199652777778
0.00198893229167
0.00177408854167
0.00167100694444
0.001845703125
0.001416015625
0.00132595486111
0.00131293402778
0.00124674479167
0.0763064236111
0.0361273871528
0.00976779513889
0.00954969618056
0.00816514756944
0.0809711371528
0.0310047743056
0.0206944444444
0.0196560329861
0.00980902777778
0.00161675347222
0.00159939236111
0.00158745659722
0.00158203125
0.00157877604167
0.00296549479167
0.002919921875
0.00281358506944
0.00272026909722
0.00267469618056
0.004228515625
0.00389105902778
0.00372829861111
0.00355034722222
0.00344292534722
0.0520377604167
0.0456662326389
0.0453700086806
0.0287228732639
0.0181011284722
0.000716145833333
0.000681423611111
0.000645616319444
0.000635850694444
0.000595703125
0.00567708333333
0.00521701388889
0.00516818576389
0.00502061631944
0.00462348090278
0.00369900173611
0.00368706597222
0.00328776041667
0.00321397569444
0.00309353298611
0.004091796875
0.00400499131944
0.00393880208333
0.00390190972222
0.00381618923611
0.0259819878472
0.016826171875
0.0156391059028
0.0108626302083
0.0106304253472
0.00766927083333
0.00477756076389
0.00477105034722
0.00459635416667
0.00458767361111
0.00849826388889
0.00769097222222
0.00755967881944
0.00668185763889
0.00634223090278
0.0441102430556
0.00925564236111
0.00580837673611
0.00406901041667
0.00340603298611
0.00780707465278
0.00538628472222
0.00480902777778
0.00480794270833
0.00480360243056
0.000584852430556
0.000578342013889
0.000575086805556
0.000575086805556
0.000569661458333
0.0146766493056
0.0114822048611
0.010849609375
0.0102408854167
0.00777886284722
0.0160232204861
0.00728190104167
0.00637044270833
0.00633680555556
0.00459852430556
0.0503103298611
0.0463715277778
0.0247146267361
0.0213302951389
0.0144943576389
0.00677191840278
0.00387044270833
0.00383138020833
0.00369466145833
0.0034375
0.00317165798611
0.00278428819444
0.00269965277778
0.00266493055556
0.00254774305556
0.01318359375
0.00777560763889
0.00608289930556
0.005927734375
0.00501410590278
0.0319368489583
0.0252680121528
0.0218858506944
0.0166362847222
0.0151985677083
0.0126898871528
0.0109689670139
0.0101182725694
0.008017578125
0.00719184027778
0.00277126736111
0.00276041666667
0.00271375868056
0.00264214409722
0.00259657118056
0.00989149305556
0.00788845486111
0.00576931423611
0.00459092881944
0.00264322916667
